 SPHEROID: Oblate
 Refractive index:  1.3300  0.0000 i     Lambda=10.000 mkm     a/b = 20.000
 ================================================================================================
    c    x_V 2*pi*a/w alpha  Qext(TM)    Qsca(TM)    Qabs(TM)    Qext(TE)    Qsca(TE)    Qabs(TE)
 ================================================================================================
  17.03  6.28 17.06     0  2.1007D-01  2.1007D-01 -8.4388D-10
  17.03  6.28 17.06    10  2.1014D-01  2.1014D-01  1.2341D-10  2.6640D-01  1.1285D+00 -8.6212D-01
  17.03  6.28 17.06    20  2.1463D-01  2.1463D-01  2.7086D-11  2.8698D-01  4.4720D-01 -1.6022D-01
  17.03  6.28 17.06    30  2.2252D-01  2.2252D-01  6.7335D-12  3.2135D-01  3.6431D-01 -4.2969D-02
  17.03  6.28 17.06    40  2.3670D-01  2.3670D-01 -4.9347D-12  3.7909D-01  3.9141D-01 -1.2321D-02
  17.03  6.28 17.06    50  2.7130D-01  2.7130D-01  4.0622D-12  5.0293D-01  4.9674D-01  6.1986D-03
  17.03  6.28 17.06    60  3.8660D-01  3.8660D-01  5.6111D-13  6.0989D-01  6.0569D-01  4.1980D-03
  17.03  6.28 17.06    70  1.0434D+00  1.0434D+00  5.0240D-12  1.1877D+00  1.1674D+00  2.0246D-02
  17.03  6.28 17.06    80  2.9801D+00  2.9801D+00 -5.8478D-12  4.8330D+00  4.8320D+00  1.0815D-03
  17.03  6.28 17.06    90  1.1755D+01  1.1755D+01 -2.7796D-11  2.1387D+01  2.1427D+01 -3.9846D-02
  17.03  6.28 17.06   100  3.0471D+00  3.0471D+00 -5.8482D-12  5.0478D+00  5.0483D+00 -4.6506D-04
  17.03  6.28 17.06   110  1.1088D+00  1.1088D+00  5.0242D-12  1.3815D+00  1.3604D+00  2.1070D-02
  17.03  6.28 17.06   120  4.1379D-01  4.1379D-01  5.6105D-13  6.9545D-01  6.8920D-01  6.2455D-03
  17.03  6.28 17.06   130  2.8427D-01  2.8427D-01  4.0616D-12  5.3998D-01  5.3455D-01  5.4298D-03
  17.03  6.28 17.06   140  2.4292D-01  2.4292D-01 -4.9367D-12  4.0041D-01  4.1564D-01 -1.5225D-02
  17.03  6.28 17.06   150  2.2437D-01  2.2437D-01  6.7336D-12  3.2672D-01  3.7236D-01 -4.5642D-02
  17.03  6.28 17.06   160  2.1487D-01  2.1487D-01  2.6820D-11  2.8763D-01  4.4855D-01 -1.6092D-01
  17.03  6.28 17.06   170  2.1015D-01  2.1015D-01  1.2296D-10  2.6642D-01  1.1286D+00 -8.6214D-01
 ================================================================================================
 SPHEROID: Oblate
 Refractive index:  1.2000  0.0300 i     Lambda=10.000 mkm     a/b = 20.000
 ================================================================================================
    c    x_V 2*pi*a/w alpha  Qext(TM)    Qsca(TM)    Qabs(TM)    Qext(TE)    Qsca(TE)    Qabs(TE)
 ================================================================================================
  17.03  6.28 17.06     0  1.4493D-01  7.9865D-02  6.5067D-02
  17.03  6.28 17.06    10  1.4610D-01  8.0310D-02  6.5789D-02  1.2808D-01  2.1114D-01 -8.3060D-02
  17.03  6.28 17.06    20  1.4929D-01  8.1235D-02  6.8050D-02  1.3754D-01  1.1924D-01  1.8302D-02
  17.03  6.28 17.06    30  1.5460D-01  8.3374D-02  7.1225D-02  1.5926D-01  1.1917D-01  4.0084D-02
  17.03  6.28 17.06    40  1.6438D-01  8.9456D-02  7.4921D-02  1.9463D-01  1.4019D-01  5.4444D-02
  17.03  6.28 17.06    50  1.8686D-01  1.0628D-01  8.0577D-02  2.5257D-01  1.8051D-01  7.2057D-02
  17.03  6.28 17.06    60  2.7203D-01  1.8259D-01  8.9442D-02  3.8770D-01  3.0820D-01  7.9493D-02
  17.03  6.28 17.06    70  5.7725D-01  4.3637D-01  1.4088D-01  8.8168D-01  7.0243D-01  1.7925D-01
  17.03  6.28 17.06    80  1.4233D+00  1.0641D+00  3.5919D-01  2.2236D+00  1.6927D+00  5.3093D-01
  17.03  6.28 17.06    90  5.3993D+00  3.9781D+00  1.4211D+00  8.4630D+00  6.3169D+00  2.1461D+00
  17.03  6.28 17.06   100  1.4608D+00  1.0877D+00  3.7306D-01  2.2931D+00  1.7367D+00  5.5638D-01
  17.03  6.28 17.06   110  6.1475D-01  4.6075D-01  1.5400D-01  9.4944D-01  7.4966D-01  1.9979D-01
  17.03  6.28 17.06   120  2.8746D-01  1.9191D-01  9.5557D-02  4.1008D-01  3.2613D-01  8.3948D-02
  17.03  6.28 17.06   130  1.9692D-01  1.1140D-01  8.5526D-02  2.6058D-01  1.9044D-01  7.0142D-02
  17.03  6.28 17.06   140  1.6933D-01  9.1668D-02  7.7662D-02  1.9521D-01  1.4309D-01  5.2118D-02
  17.03  6.28 17.06   150  1.5616D-01  8.4059D-02  7.2102D-02  1.5947D-01  1.1992D-01  3.9543D-02
  17.03  6.28 17.06   160  1.4945D-01  8.1308D-02  6.8146D-02  1.3758D-01  1.1936D-01  1.8222D-02
  17.03  6.28 17.06   170  1.4611D-01  8.0314D-02  6.5794D-02  1.2809D-01  2.1114D-01 -8.3059D-02
 ================================================================================================
 SPHEROID: Oblate
 Refractive index:  1.2000  0.0300 i     Lambda=10.000 mkm     a/b = 20.000
 ================================================================================================
    c    x_V 2*pi*a/w alpha  Qext(TM)    Qsca(TM)    Qabs(TM)    Qext(TE)    Qsca(TE)    Qabs(TE)
 ================================================================================================
  17.03  6.28 17.06     0  1.4493D-01  7.9865D-02  6.5067D-02
  17.03  6.28 17.06    11  1.4627D-01  8.0340D-02  6.5928D-02  1.2891D-01  1.7628D-01 -4.7371D-02
  17.03  6.28 17.06    22  1.4835D-01  8.0664D-02  6.7690D-02  1.4061D-01  1.1066D-01  2.9945D-02
  17.03  6.28 17.06    33  1.4038D-01  7.6559D-02  6.3824D-02  1.5744D-01  1.0684D-01  5.0602D-02
  17.03  6.28 17.06    44  1.5008D-01  8.4370D-02  6.5712D-02  1.9167D-01  1.3942D-01  5.2251D-02
  17.03  6.28 17.06    55  1.6550D-01  1.0097D-01  6.4529D-02  2.2125D-01  1.6483D-01  5.6421D-02
  17.03  6.28 17.06    66  3.4496D-01  2.5722D-01  8.7739D-02  5.0459D-01  4.1041D-01  9.4183D-02
  17.03  6.28 17.06    77  8.5770D-01  6.5481D-01  2.0289D-01  1.3020D+00  1.0150D+00  2.8697D-01
  17.03  6.28 17.06    88  3.8409D+00  2.8618D+00  9.7914D-01  5.9408D+00  4.4712D+00  1.4696D+00
  17.03  6.28 17.06    99  1.3735D+00  1.0357D+00  3.3774D-01  2.1164D+00  1.6180D+00  4.9840D-01
  17.03  6.28 17.06   110  5.1670D-01  3.9373D-01  1.2298D-01  7.7907D-01  6.2416D-01  1.5491D-01
  17.03  6.28 17.06   121  2.4430D-01  1.6087D-01  8.3430D-02  3.4053D-01  2.6860D-01  7.1934D-02
  17.03  6.28 17.06   132  1.8260D-01  1.0260D-01  8.0001D-02  2.4413D-01  1.7476D-01  6.9372D-02
  17.03  6.28 17.06   143  1.6326D-01  8.7924D-02  7.5337D-02  1.8102D-01  1.2902D-01  5.2005D-02
  17.03  6.28 17.06   154  1.5291D-01  8.2587D-02  7.0320D-02  1.4850D-01  1.1260D-01  3.5899D-02
  17.03  6.28 17.06   165  1.4743D-01  8.0656D-02  6.6776D-02  1.3082D-01  1.3528D-01 -4.4556D-03
  17.03  6.28 17.06   176  1.4514D-01  7.9979D-02  6.5162D-02  1.1461D-01  7.0695D-01 -5.9235D-01
  17.03  6.28 17.06   187  1.4554D-01  8.0148D-02  6.5394D-02  1.2267D-01  4.1178D-01 -2.8911D-01
 ================================================================================================
 SPHEROID: Oblate
 Refractive index:  1.2000  0.0300 i     Lambda=10.000 mkm     a/b = 20.000
 ================================================================================================
    c    x_V 2*pi*a/w alpha  Qext(TM)    Qsca(TM)    Qabs(TM)    Qext(TE)    Qsca(TE)    Qabs(TE)
 ================================================================================================
  17.03  6.28 17.06     0  1.4493D-01  7.9865D-02  6.5067D-02
  17.03  6.28 17.06    10  1.4610D-01  8.0310D-02  6.5789D-02  1.2808D-01  2.1114D-01 -8.3060D-02
  17.03  6.28 17.06    20  1.4929D-01  8.1235D-02  6.8050D-02  1.3754D-01  1.1924D-01  1.8302D-02
  17.03  6.28 17.06    30  1.5460D-01  8.3374D-02  7.1225D-02  1.5926D-01  1.1917D-01  4.0084D-02
  17.03  6.28 17.06    40  1.6438D-01  8.9456D-02  7.4921D-02  1.9463D-01  1.4019D-01  5.4444D-02
  17.03  6.28 17.06    50  1.8686D-01  1.0628D-01  8.0577D-02  2.5257D-01  1.8051D-01  7.2057D-02
  17.03  6.28 17.06    60  2.7203D-01  1.8259D-01  8.9442D-02  3.8770D-01  3.0820D-01  7.9493D-02
  17.03  6.28 17.06    70  5.7725D-01  4.3637D-01  1.4088D-01  8.8168D-01  7.0243D-01  1.7925D-01
  17.03  6.28 17.06    80  1.4233D+00  1.0641D+00  3.5919D-01  2.2236D+00  1.6927D+00  5.3093D-01
  17.03  6.28 17.06    90  5.3993D+00  3.9781D+00  1.4211D+00  8.4630D+00  6.3169D+00  2.1461D+00
  17.03  6.28 17.06   100  1.4608D+00  1.0877D+00  3.7306D-01  2.2931D+00  1.7367D+00  5.5638D-01
  17.03  6.28 17.06   110  6.1475D-01  4.6075D-01  1.5400D-01  9.4944D-01  7.4966D-01  1.9979D-01
  17.03  6.28 17.06   120  2.8746D-01  1.9191D-01  9.5557D-02  4.1008D-01  3.2613D-01  8.3948D-02
  17.03  6.28 17.06   130  1.9692D-01  1.1140D-01  8.5526D-02  2.6058D-01  1.9044D-01  7.0142D-02
  17.03  6.28 17.06   140  1.6933D-01  9.1668D-02  7.7662D-02  1.9521D-01  1.4309D-01  5.2118D-02
  17.03  6.28 17.06   150  1.5616D-01  8.4059D-02  7.2102D-02  1.5947D-01  1.1992D-01  3.9543D-02
  17.03  6.28 17.06   160  1.4945D-01  8.1308D-02  6.8146D-02  1.3758D-01  1.1936D-01  1.8222D-02
  17.03  6.28 17.06   170  1.4611D-01  8.0314D-02  6.5794D-02  1.2809D-01  2.1114D-01 -8.3059D-02
 ================================================================================================
 SPHEROID: Oblate
 Refractive index:  1.2000  0.0300 i     Lambda=10.000 mkm     a/b = 20.000
 ================================================================================================
    c    x_V 2*pi*a/w alpha  Qext(TM)    Qsca(TM)    Qabs(TM)    Qext(TE)    Qsca(TE)    Qabs(TE)
 ================================================================================================
  17.03  6.28 17.06     0  1.4493D-01  7.9865D-02  6.5067D-02
  17.03  6.28 17.06    10  1.4610D-01  8.0310D-02  6.5789D-02  1.2808D-01  2.1114D-01 -8.3060D-02
  17.03  6.28 17.06    20  1.4945D-01  8.1308D-02  6.8146D-02  1.3758D-01  1.1936D-01  1.8222D-02
  17.03  6.28 17.06    30  1.5616D-01  8.4058D-02  7.2101D-02  1.5947D-01  1.1992D-01  3.9544D-02
  17.03  6.28 17.06    40  1.6933D-01  9.1669D-02  7.7665D-02  1.9521D-01  1.4309D-01  5.2116D-02
  17.03  6.28 17.06    50  1.9705D-01  1.1144D-01  8.5610D-02  2.6051D-01  1.9046D-01  7.0050D-02
  17.03  6.28 17.06    60  2.9090D-01  1.9342D-01  9.7477D-02  4.1067D-01  3.2773D-01  8.2949D-02
  17.03  6.28 17.06    70  6.2671D-01  4.6610D-01  1.6061D-01  9.5659D-01  7.5648D-01  2.0011D-01
  17.03  6.28 17.06    80  1.4955D+00  1.1032D+00  3.9234D-01  2.3235D+00  1.7582D+00  5.6539D-01
  17.03  6.28 17.06    90  5.6844D+00  4.1313D+00  1.5531D+00  8.8715D+00  6.5759D+00  2.2956D+00
 ================================================================================================
 SPHEROID: Oblate
 Refractive index:  1.2000  0.3000 i     Lambda=10.000 mkm     a/b = 20.000
 ================================================================================================
    c    x_V 2*pi*a/w alpha  Qext(TM)    Qsca(TM)    Qabs(TM)    Qext(TE)    Qsca(TE)    Qabs(TE)
 ================================================================================================
 ++K=   1  RI,C1,C2=    1.2000    0.3000   17.0339   20.4406    5.1102
 ================================================================================================
 SPHEROID: Oblate
 Refractive index:  1.2000  0.1000 i     Lambda=10.000 mkm     a/b = 20.000
 ================================================================================================
    c    x_V 2*pi*a/w alpha  Qext(TM)    Qsca(TM)    Qabs(TM)    Qext(TE)    Qsca(TE)    Qabs(TE)
 ================================================================================================
  17.03  6.28 17.06     0  2.7946D-01  8.5853D-02  1.9361D-01
  17.03  6.28 17.06    10  2.8208D-01  8.6211D-02  1.9586D-01  2.3172D-01  1.7773D-01  5.3991D-02
  17.03  6.28 17.06    20  2.9036D-01  8.7328D-02  2.0303D-01  2.4904D-01  1.1450D-01  1.3454D-01
  17.03  6.28 17.06    30  3.0534D-01  9.0405D-02  2.1494D-01  2.7758D-01  1.1880D-01  1.5878D-01
  17.03  6.28 17.06    40  3.2993D-01  9.8564D-02  2.3136D-01  3.2318D-01  1.4211D-01  1.8107D-01
  17.03  6.28 17.06    50  3.7307D-01  1.1928D-01  2.5380D-01  4.0261D-01  1.8928D-01  2.1333D-01
  17.03  6.28 17.06    60  4.6709D-01  1.8644D-01  2.8065D-01  5.1870D-01  2.8124D-01  2.3747D-01
  17.03  6.28 17.06    70  8.1377D-01  4.0277D-01  4.1099D-01  9.7647D-01  5.4996D-01  4.2651D-01
  17.03  6.28 17.06    80  1.8796D+00  9.2947D-01  9.5015D-01  2.3674D+00  1.2249D+00  1.1425D+00
  17.03  6.28 17.06    90  7.2153D+00  3.4719D+00  3.7434D+00  9.2116D+00  4.5493D+00  4.6622D+00
 ================================================================================================
 SPHEROID: Oblate
 Refractive index:  1.3300  0.0000 i     Lambda=10.000 mkm     a/b =  2.000
 ================================================================================================
    c    x_V 2*pi*a/w alpha  Qext(TM)    Qsca(TM)    Qabs(TM)    Qext(TE)    Qsca(TE)    Qabs(TE)
 ================================================================================================
   2.06  1.88  2.37     0  3.4346D-01  3.4346D-01  5.3008D-10
   2.06  1.88  2.37    10  3.4361D-01  3.4361D-01  5.2568D-10  3.5482D-01  3.5482D-01 -1.1507D-11
   2.06  1.88  2.37    20  3.4518D-01  3.4518D-01  2.4019D-10  3.8768D-01  3.8768D-01 -9.2478D-12
   2.06  1.88  2.37    30  3.5113D-01  3.5113D-01 -1.4119D-11  4.3909D-01  4.3909D-01 -5.6611D-12
   2.06  1.88  2.37    40  3.6520D-01  3.6520D-01 -1.5354D-10  5.0622D-01  5.0622D-01 -1.0311D-12
   2.06  1.88  2.37    50  3.9086D-01  3.9086D-01 -2.1292D-10  5.8783D-01  5.8783D-01  4.2740D-12
   2.06  1.88  2.37    60  4.3012D-01  4.3012D-01 -1.7971D-10  6.8366D-01  6.8366D-01  9.8798D-12
   2.06  1.88  2.37    70  4.8061D-01  4.8061D-01 -8.7350D-11  7.8916D-01  7.8916D-01  1.5315D-11
   2.06  1.88  2.37    80  5.2945D-01  5.2945D-01 -8.5852D-11  8.8336D-01  8.8336D-01  1.9672D-11
   2.06  1.88  2.37    90  5.5105D-01  5.5105D-01 -1.3075D-10  9.2372D-01  9.2372D-01  2.1431D-11
 ================================================================================================
 SPHEROID: Oblate
 Refractive index:  1.3300  0.0000 i     Lambda=10.000 mkm     a/b =  2.000
 ================================================================================================
    c    x_V 2*pi*a/w alpha  Qext(TM)    Qsca(TM)    Qabs(TM)    Qext(TE)    Qsca(TE)    Qabs(TE)
 ================================================================================================
   3.43  3.14  3.96     0  8.6799D-01  8.6799D-01  1.5936D-09
   3.43  3.14  3.96    10  8.7543D-01  8.7543D-01  8.6694D-10  8.6623D-01  8.6623D-01  1.0770D-11
   3.43  3.14  3.96    20  9.0681D-01  9.0681D-01  1.0854D-11  8.8437D-01  8.8437D-01  1.7338D-12
   3.43  3.14  3.96    30  9.8328D-01  9.8328D-01 -4.3272D-10  9.7432D-01  9.7432D-01 -4.6968D-12
   3.43  3.14  3.96    40  1.1257D+00  1.1257D+00 -3.7994D-10  1.1795D+00  1.1795D+00 -4.9316D-12
   3.43  3.14  3.96    50  1.3453D+00  1.3453D+00 -1.9466D-10  1.5118D+00  1.5118D+00  8.1934D-14
   3.43  3.14  3.96    60  1.6394D+00  1.6394D+00 -1.0886D-10  1.9510D+00  1.9510D+00  7.8444D-12
   3.43  3.14  3.96    70  1.9803D+00  1.9803D+00 -2.6228D-11  2.4443D+00  2.4443D+00  1.6157D-11
   3.43  3.14  3.96    80  2.2874D+00  2.2874D+00 -3.4607D-11  2.8764D+00  2.8764D+00  2.2920D-11
   3.43  3.14  3.96    90  2.4185D+00  2.4185D+00 -1.1009D-10  3.0582D+00  3.0582D+00  2.5636D-11
 ================================================================================================
 SPHEROID: Oblate
 Refractive index:  1.3300  0.0000 i     Lambda=10.000 mkm     a/b =  2.000
 ================================================================================================
    c    x_V 2*pi*a/w alpha  Qext(TM)    Qsca(TM)    Qabs(TM)    Qext(TE)    Qsca(TE)    Qabs(TE)
 ================================================================================================
   3.28  3.00  3.78     0  7.8691D-01  7.8691D-01  6.3183D-10
   3.28  3.00  3.78    10  7.9797D-01  7.9797D-01  3.0423D-10  7.8742D-01  7.8742D-01  1.2442D-11
   3.28  3.00  3.78    20  8.3621D-01  8.3621D-01  3.8647D-11  8.1088D-01  8.1088D-01  3.5074D-12
   3.28  3.00  3.78    30  9.1428D-01  9.1428D-01 -1.2815D-10  9.0460D-01  9.0460D-01 -3.9487D-12
   3.28  3.00  3.78    40  1.0465D+00  1.0465D+00 -1.3288D-10  1.1053D+00  1.1053D+00 -6.1642D-12
   3.28  3.00  3.78    50  1.2423D+00  1.2423D+00 -8.0433D-11  1.4194D+00  1.4194D+00 -3.3529D-12
   3.28  3.00  3.78    60  1.5008D+00  1.5008D+00 -5.4379D-11  1.8260D+00  1.8260D+00  2.3663D-12
   3.28  3.00  3.78    70  1.7997D+00  1.7997D+00 -2.3699D-11  2.2773D+00  2.2773D+00  8.8387D-12
   3.28  3.00  3.78    80  2.0692D+00  2.0692D+00 -2.7123D-11  2.6705D+00  2.6705D+00  1.4121D-11
   3.28  3.00  3.78    90  2.1844D+00  2.1844D+00 -5.4781D-11  2.8357D+00  2.8357D+00  1.6233D-11
 ================================================================================================
 SPHEROID: Prolate
 Refractive index:  1.3300  0.0000 i     Lambda=10.000 mkm     a/b =  2.000
 ================================================================================================
    c    x_V 2*pi*a/w alpha  Qext(TM)    Qsca(TM)    Qabs(TM)    Qext(TE)    Qsca(TE)    Qabs(TE)
 ================================================================================================
   4.13  3.00  4.77     0  3.8024D+00  3.8024D+00 -4.0296D-10
   4.13  3.00  4.77    10  3.5904D+00  3.5904D+00 -7.6041D-11  3.5724D+00  3.5724D+00 -2.2930D-08
   4.13  3.00  4.77    20  3.0940D+00  3.0940D+00  3.5741D-11  3.0265D+00  3.0265D+00 -1.3028D-08
   4.13  3.00  4.77    30  2.5435D+00  2.5435D+00  3.0698D-11  2.4083D+00  2.4083D+00 -2.4299D-09
   4.13  3.00  4.77    40  2.0693D+00  2.0693D+00 -1.0361D-11  1.8701D+00  1.8701D+00  3.4892D-09
   4.13  3.00  4.77    50  1.7124D+00  1.7124D+00 -2.8728D-11  1.4770D+00  1.4770D+00  2.9832D-09
   4.13  3.00  4.77    60  1.4737D+00  1.4737D+00 -1.0173D-11  1.2351D+00  1.2351D+00  6.8540D-10
   4.13  3.00  4.77    70  1.3381D+00  1.3381D+00  6.5501D-12  1.1068D+00  1.1068D+00  1.0099D-09
   4.13  3.00  4.77    80  1.2793D+00  1.2793D+00 -1.4666D-12  1.0447D+00  1.0447D+00  1.7106D-09
   4.13  3.00  4.77    90  1.2650D+00  1.2650D+00 -1.0040D-11  1.0251D+00  1.0251D+00  1.4555D-09
 ================================================================================================
 SPHEROID: Oblate
 Refractive index:  1.3300  0.0500 i     Lambda=10.000 mkm     a/b =  2.000
 ================================================================================================
    c    x_V 2*pi*a/w alpha  Qext(TM)    Qsca(TM)    Qabs(TM)    Qext(TE)    Qsca(TE)    Qabs(TE)
 ================================================================================================
   3.28  3.00  3.78     0  9.3080D-01  6.6417D-01  2.6663D-01
   3.28  3.00  3.78    10  9.4081D-01  6.7277D-01  2.6804D-01  9.3522D-01  6.6607D-01  2.6915D-01
   3.28  3.00  3.78    20  9.7617D-01  7.0203D-01  2.7414D-01  9.6370D-01  6.8617D-01  2.7753D-01
   3.28  3.00  3.78    30  1.0503D+00  7.6075D-01  2.8952D-01  1.0511D+00  7.5586D-01  2.9529D-01
   3.28  3.00  3.78    40  1.1787D+00  8.5928D-01  3.1939D-01  1.2299D+00  9.0040D-01  3.2955D-01
   3.28  3.00  3.78    50  1.3732D+00  1.0052D+00  3.6796D-01  1.5142D+00  1.1256D+00  3.8857D-01
   3.28  3.00  3.78    60  1.6360D+00  1.1992D+00  4.3681D-01  1.8953D+00  1.4188D+00  4.7649D-01
   3.28  3.00  3.78    70  1.9458D+00  1.4252D+00  5.2064D-01  2.3332D+00  1.7470D+00  5.8619D-01
   3.28  3.00  3.78    80  2.2289D+00  1.6302D+00  5.9865D-01  2.7239D+00  2.0350D+00  6.8890D-01
   3.28  3.00  3.78    90  2.3507D+00  1.7182D+00  6.3246D-01  2.8899D+00  2.1565D+00  7.3339D-01
 ================================================================================================
 SPHEROID: Prolate
 Refractive index:  1.3300  0.0500 i     Lambda=10.000 mkm     a/b =  2.000
 ================================================================================================
    c    x_V 2*pi*a/w alpha  Qext(TM)    Qsca(TM)    Qabs(TM)    Qext(TE)    Qsca(TE)    Qabs(TE)
 ================================================================================================
   4.13  3.00  4.77     0  3.8131D+00  2.8083D+00  1.0049D+00
   4.13  3.00  4.77    10  3.6036D+00  2.6594D+00  9.4422D-01  3.5839D+00  2.6437D+00  9.4029D-01
   4.13  3.00  4.77    20  3.1173D+00  2.3125D+00  8.0485D-01  3.0465D+00  2.2544D+00  7.9205D-01
   4.13  3.00  4.77    30  2.5887D+00  1.9313D+00  6.5732D-01  2.4535D+00  1.8171D+00  6.3634D-01
   4.13  3.00  4.77    40  2.1467D+00  1.6063D+00  5.4040D-01  1.9563D+00  1.4405D+00  5.1576D-01
   4.13  3.00  4.77    50  1.8243D+00  1.3623D+00  4.6207D-01  1.6067D+00  1.1688D+00  4.3789D-01
   4.13  3.00  4.77    60  1.6119D+00  1.1970D+00  4.1496D-01  1.3939D+00  1.0032D+00  3.9070D-01
   4.13  3.00  4.77    70  1.4877D+00  1.0999D+00  3.8777D-01  1.2734D+00  9.1500D-01  3.5838D-01
   4.13  3.00  4.77    80  1.4283D+00  1.0555D+00  3.7278D-01  1.2061D+00  8.7109D-01  3.3498D-01
   4.13  3.00  4.77    90  1.4119D+00  1.0441D+00  3.6776D-01  1.1826D+00  8.5691D-01  3.2572D-01
 ================================================================================================
 SPHEROID: Oblate
 Refractive index:  1.2000  0.0300 i     Lambda=10.000 mkm     a/b =  0.002
 ================================================================================================
    c    x_V 2*pi*a/w alpha  Qext(TM)    Qsca(TM)    Qabs(TM)    Qext(TE)    Qsca(TE)    Qabs(TE)
 ================================================================================================
 ++K=   1  RI,C1,C2=    1.2000    0.0300       NaN       NaN       NaN
 ================================================================================================
 SPHEROID: Oblate
 Refractive index:  1.2000  0.0300 i     Lambda=10.000 mkm     a/b =  0.002
 ================================================================================================
    c    x_V 2*pi*a/w alpha  Qext(TM)    Qsca(TM)    Qabs(TM)    Qext(TE)    Qsca(TE)    Qabs(TE)
 ================================================================================================
 ++K=   1  RI,C1,C2=    1.2000    0.0300       NaN       NaN       NaN
 ================================================================================================
 SPHEROID: Oblate
 Refractive index:  1.2000  0.0300 i     Lambda=10.000 mkm     a/b =  0.002
 ================================================================================================
    c    x_V 2*pi*a/w alpha  Qext(TM)    Qsca(TM)    Qabs(TM)    Qext(TE)    Qsca(TE)    Qabs(TE)
 ================================================================================================
 ++K=   1  RI,C1,C2=    1.2000    0.0300       NaN       NaN       NaN
 ================================================================================================
 SPHEROID: Oblate
 Refractive index:  1.2000  0.0300 i     Lambda=10.000 mkm     a/b = 10.000
 ================================================================================================
    c    x_V 2*pi*a/w alpha  Qext(TM)    Qsca(TM)    Qabs(TM)    Qext(TE)    Qsca(TE)    Qabs(TE)
 ================================================================================================
  13.47  6.28 13.54     0  2.5023D-01  1.4842D-01  1.0181D-01
  13.47  6.28 13.54    10  2.5454D-01  1.5198D-01  1.0256D-01  2.5540D-01  1.5394D-01  1.0146D-01
  13.47  6.28 13.54    20  2.6743D-01  1.6159D-01  1.0584D-01  2.7103D-01  1.6615D-01  1.0488D-01
  13.47  6.28 13.54    30  2.9151D-01  1.7973D-01  1.1178D-01  3.0340D-01  1.9197D-01  1.1143D-01
  13.47  6.28 13.54    40  3.3500D-01  2.1345D-01  1.2155D-01  3.6580D-01  2.4618D-01  1.1962D-01
  13.47  6.28 13.54    50  3.9674D-01  2.6065D-01  1.3608D-01  4.5104D-01  3.1305D-01  1.3799D-01
  13.47  6.28 13.54    60  5.9042D-01  4.2859D-01  1.6183D-01  6.8738D-01  5.2477D-01  1.6262D-01
  13.47  6.28 13.54    70  1.2091D+00  9.3154D-01  2.7756D-01  1.5532D+00  1.2237D+00  3.2948D-01
  13.47  6.28 13.54    80  2.7143D+00  2.0761D+00  6.3824D-01  3.6743D+00  2.8071D+00  8.6712D-01
  13.47  6.28 13.54    90  5.7988D+00  4.3932D+00  1.4056D+00  7.9581D+00  5.9780D+00  1.9800D+00
 ================================================================================================
 SPHEROID: Oblate
 Refractive index:  1.2000  0.0300 i     Lambda=10.000 mkm     a/b = 20.000
 ================================================================================================
    c    x_V 2*pi*a/w alpha  Qext(TM)    Qsca(TM)    Qabs(TM)    Qext(TE)    Qsca(TE)    Qabs(TE)
 ================================================================================================
 ++K=   1  RI,C1,C2=    1.2000    0.0300   28.9576   34.7491    0.8687
 ================================================================================================
 SPHEROID: Oblate
 Refractive index:  1.2000  0.0300 i     Lambda=10.000 mkm     a/b = 15.000
 ================================================================================================
    c    x_V 2*pi*a/w alpha  Qext(TM)    Qsca(TM)    Qabs(TM)    Qext(TE)    Qsca(TE)    Qabs(TE)
 ================================================================================================
 ++K=   1  RI,C1,C2=    1.2000    0.0300   26.2840   31.5408    0.7885
 ================================================================================================
 SPHEROID: Oblate
 Refractive index:  1.2000  0.0300 i     Lambda=10.000 mkm     a/b = 15.000
 ================================================================================================
    c    x_V 2*pi*a/w alpha  Qext(TM)    Qsca(TM)    Qabs(TM)    Qext(TE)    Qsca(TE)    Qabs(TE)
 ================================================================================================
  15.46  6.28 15.50     0  1.7883D-01  1.0167D-01  7.7153D-02
  15.46  6.28 15.50    10  1.8099D-01  1.0278D-01  7.8220D-02  1.7695D-01  1.1313D-01  6.3820D-02
  15.46  6.28 15.50    20  1.8789D-01  1.0684D-01  8.1056D-02  1.9028D-01  1.1498D-01  7.5303D-02
  15.46  6.28 15.50    30  2.0071D-01  1.1471D-01  8.6001D-02  2.1827D-01  1.3670D-01  8.1571D-02
  15.46  6.28 15.50    40  2.2365D-01  1.3046D-01  9.3194D-02  2.6444D-01  1.7633D-01  8.8108D-02
  15.46  6.28 15.50    50  2.6269D-01  1.5919D-01  1.0349D-01  3.4174D-01  2.3772D-01  1.0401D-01
  15.46  6.28 15.50    60  3.9298D-01  2.7329D-01  1.1970D-01  5.2762D-01  4.0380D-01  1.2383D-01
  15.46  6.28 15.50    70  8.3715D-01  6.3454D-01  2.0261D-01  1.2180D+00  9.5551D-01  2.6244D-01
  15.46  6.28 15.50    80  1.9714D+00  1.4810D+00  4.9035D-01  3.0012D+00  2.2579D+00  7.4327D-01
  15.46  6.28 15.50    90  5.8244D+00  4.3207D+00  1.5037D+00  8.9810D+00  6.6114D+00  2.3696D+00
 ================================================================================================
 SPHEROID: Oblate
 Refractive index:  1.2000  0.0300 i     Lambda=10.000 mkm     a/b = 15.000
 ================================================================================================
    c    x_V 2*pi*a/w alpha  Qext(TM)    Qsca(TM)    Qabs(TM)    Qext(TE)    Qsca(TE)    Qabs(TE)
 ================================================================================================
  15.46  6.28 15.50     0  1.7883D-01  1.0167D-01  7.7153D-02
  15.46  6.28 15.50    10  1.8099D-01  1.0278D-01  7.8220D-02  1.7695D-01  1.1313D-01  6.3820D-02
  15.46  6.28 15.50    20  1.8789D-01  1.0684D-01  8.1056D-02  1.9028D-01  1.1498D-01  7.5303D-02
  15.46  6.28 15.50    30  2.0071D-01  1.1471D-01  8.6001D-02  2.1827D-01  1.3670D-01  8.1571D-02
  15.46  6.28 15.50    40  2.2365D-01  1.3046D-01  9.3194D-02  2.6444D-01  1.7633D-01  8.8108D-02
  15.46  6.28 15.50    50  2.6269D-01  1.5919D-01  1.0349D-01  3.4174D-01  2.3772D-01  1.0401D-01
  15.46  6.28 15.50    60  3.9298D-01  2.7329D-01  1.1970D-01  5.2762D-01  4.0380D-01  1.2383D-01
  15.46  6.28 15.50    70  8.3715D-01  6.3454D-01  2.0261D-01  1.2180D+00  9.5551D-01  2.6244D-01
  15.46  6.28 15.50    80  1.9714D+00  1.4810D+00  4.9035D-01  3.0012D+00  2.2579D+00  7.4327D-01
  15.46  6.28 15.50    90  5.8244D+00  4.3207D+00  1.5037D+00  8.9810D+00  6.6114D+00  2.3696D+00
 ================================================================================================
 SPHEROID: Oblate
 Refractive index:  1.2000  0.0300 i     Lambda=10.000 mkm     a/b = 15.000
 ================================================================================================
    c    x_V 2*pi*a/w alpha  Qext(TM)    Qsca(TM)    Qabs(TM)    Qext(TE)    Qsca(TE)    Qabs(TE)
 ================================================================================================
  15.46  6.28 15.50     0  1.7883D-01  1.0167D-01  7.7153D-02
  15.46  6.28 15.50    10  1.8099D-01  1.0278D-01  7.8220D-02  1.7695D-01  1.1313D-01  6.3820D-02
  15.46  6.28 15.50    20  1.8789D-01  1.0684D-01  8.1056D-02  1.9028D-01  1.1498D-01  7.5303D-02
  15.46  6.28 15.50    30  2.0071D-01  1.1471D-01  8.6001D-02  2.1827D-01  1.3670D-01  8.1571D-02
  15.46  6.28 15.50    40  2.2365D-01  1.3046D-01  9.3194D-02  2.6444D-01  1.7633D-01  8.8108D-02
  15.46  6.28 15.50    50  2.6269D-01  1.5919D-01  1.0349D-01  3.4174D-01  2.3772D-01  1.0401D-01
  15.46  6.28 15.50    60  3.9298D-01  2.7329D-01  1.1970D-01  5.2762D-01  4.0380D-01  1.2383D-01
  15.46  6.28 15.50    70  8.3715D-01  6.3454D-01  2.0261D-01  1.2180D+00  9.5551D-01  2.6244D-01
  15.46  6.28 15.50    80  1.9714D+00  1.4810D+00  4.9035D-01  3.0012D+00  2.2579D+00  7.4327D-01
  15.46  6.28 15.50    90  5.8244D+00  4.3207D+00  1.5037D+00  8.9810D+00  6.6114D+00  2.3696D+00
 ================================================================================================
 SPHEROID: Oblate
 Refractive index:  1.2000  0.0300 i     Lambda=10.000 mkm     a/b = 15.000
 ================================================================================================
    c    x_V 2*pi*a/w alpha  Qext(TM)    Qsca(TM)    Qabs(TM)    Qext(TE)    Qsca(TE)    Qabs(TE)
 ================================================================================================
  15.46  6.28 15.50     0  1.7883D-01  1.0167D-01  7.7153D-02
  15.46  6.28 15.50    10  1.8099D-01  1.0278D-01  7.8220D-02  1.7695D-01  1.1313D-01  6.3820D-02
  15.46  6.28 15.50    20  1.8789D-01  1.0684D-01  8.1056D-02  1.9028D-01  1.1498D-01  7.5303D-02
  15.46  6.28 15.50    30  2.0071D-01  1.1471D-01  8.6001D-02  2.1827D-01  1.3670D-01  8.1571D-02
  15.46  6.28 15.50    40  2.2365D-01  1.3046D-01  9.3194D-02  2.6444D-01  1.7633D-01  8.8108D-02
  15.46  6.28 15.50    50  2.6269D-01  1.5919D-01  1.0349D-01  3.4174D-01  2.3772D-01  1.0401D-01
  15.46  6.28 15.50    60  3.9298D-01  2.7329D-01  1.1970D-01  5.2762D-01  4.0380D-01  1.2383D-01
  15.46  6.28 15.50    70  8.3715D-01  6.3454D-01  2.0261D-01  1.2180D+00  9.5551D-01  2.6244D-01
  15.46  6.28 15.50    80  1.9714D+00  1.4810D+00  4.9035D-01  3.0012D+00  2.2579D+00  7.4327D-01
  15.46  6.28 15.50    90  5.8244D+00  4.3207D+00  1.5037D+00  8.9810D+00  6.6114D+00  2.3696D+00
 ================================================================================================
 SPHEROID: Oblate
 Refractive index:  1.2000  0.0300 i     Lambda=10.000 mkm     a/b = 20.000
 ================================================================================================
    c    x_V 2*pi*a/w alpha  Qext(TM)    Qsca(TM)    Qabs(TM)    Qext(TE)    Qsca(TE)    Qabs(TE)
 ================================================================================================
  13.63  5.03 13.64     0  1.1371D-01  5.9650D-02  5.4058D-02
  13.63  5.03 13.64    10  1.1415D-01  5.9515D-02  5.4636D-02  7.6695D-02  4.7613D-01 -3.9944D-01
  13.63  5.03 13.64    20  1.1491D-01  5.8583D-02  5.6323D-02  9.0890D-02  1.4912D-01 -5.8229D-02
  13.63  5.03 13.64    30  1.1724D-01  5.8111D-02  5.9131D-02  1.0601D-01  1.1779D-01 -1.1783D-02
  13.63  5.03 13.64    40  1.2425D-01  6.1002D-02  6.3243D-02  1.3125D-01  1.1889D-01  1.2365D-02
  13.63  5.03 13.64    50  1.4402D-01  7.5422D-02  6.8603D-02  1.8102D-01  1.5811D-01  2.2905D-02
  13.63  5.03 13.64    60  2.2359D-01  1.4090D-01  8.2689D-02  3.3871D-01  2.8168D-01  5.7032D-02
  13.63  5.03 13.64    70  4.1357D-01  2.8167D-01  1.3190D-01  6.3243D-01  4.9254D-01  1.3989D-01
  13.63  5.03 13.64    80  8.8144D-01  5.9657D-01  2.8487D-01  1.3102D+00  9.8632D-01  3.2387D-01
  13.63  5.03 13.64    90  3.2530D+00  2.1772D+00  1.0758D+00  4.7908D+00  3.5634D+00  1.2273D+00
 ================================================================================================
 SPHEROID: Oblate
 Refractive index:  1.2000  0.0300 i     Lambda=10.000 mkm     a/b = 20.000
 ================================================================================================
    c    x_V 2*pi*a/w alpha  Qext(TM)    Qsca(TM)    Qabs(TM)    Qext(TE)    Qsca(TE)    Qabs(TE)
 ================================================================================================
  11.92  4.40 11.94     0  9.8295D-02  4.9715D-02  4.8581D-02
  11.92  4.40 11.94    10  9.7982D-02  4.9001D-02  4.8980D-02  6.0067D-02  9.3918D-01 -8.7912D-01
  11.92  4.40 11.94    20  9.7940D-02  4.7633D-02  5.0307D-02  6.5801D-02  1.7887D-01 -1.1307D-01
  11.92  4.40 11.94    30  9.8905D-02  4.6390D-02  5.2515D-02  8.1514D-02  1.3946D-01 -5.7942D-02
  11.92  4.40 11.94    40  1.0321D-01  4.7436D-02  5.5777D-02  9.2559D-02  1.1152D-01 -1.8957D-02
  11.92  4.40 11.94    50  1.2162D-01  6.1089D-02  6.0529D-02  1.5143D-01  1.5853D-01 -7.1072D-03
  11.92  4.40 11.94    60  1.8335D-01  1.0905D-01  7.4302D-02  2.6037D-01  2.2210D-01  3.8261D-02
  11.92  4.40 11.94    70  3.1342D-01  1.9901D-01  1.1441D-01  4.0847D-01  3.3257D-01  7.5903D-02
  11.92  4.40 11.94    80  6.4043D-01  4.0528D-01  2.3516D-01  7.9804D-01  6.3292D-01  1.6512D-01
  11.92  4.40 11.94    90  2.3398D+00  1.4676D+00  8.7213D-01  2.8991D+00  2.2698D+00  6.2923D-01
 ================================================================================================
 SPHEROID: Oblate
 Refractive index:  1.2000  0.0300 i     Lambda=10.000 mkm     a/b = 15.000
 ================================================================================================
    c    x_V 2*pi*a/w alpha  Qext(TM)    Qsca(TM)    Qabs(TM)    Qext(TE)    Qsca(TE)    Qabs(TE)
 ================================================================================================
  10.82  4.40 10.85     0  1.2115D-01  6.4309D-02  5.6842D-02
  10.82  4.40 10.85    10  1.2183D-01  6.4425D-02  5.7403D-02  1.0807D-01  1.3318D-01 -2.5103D-02
  10.82  4.40 10.85    20  1.2321D-01  6.3919D-02  5.9288D-02  1.2045D-01  8.4991D-02  3.5455D-02
  10.82  4.40 10.85    30  1.2672D-01  6.4292D-02  6.2426D-02  1.3910D-01  9.3946D-02  4.5155D-02
  10.82  4.40 10.85    40  1.3464D-01  6.7768D-02  6.6877D-02  1.6689D-01  1.1034D-01  5.6551D-02
  10.82  4.40 10.85    50  1.6354D-01  9.0062D-02  7.3480D-02  2.4131D-01  1.7552D-01  6.5791D-02
  10.82  4.40 10.85    60  2.4935D-01  1.5692D-01  9.2431D-02  4.2182D-01  3.1203D-01  1.0979D-01
  10.82  4.40 10.85    70  4.2496D-01  2.8042D-01  1.4454D-01  7.3394D-01  5.2399D-01  2.0995D-01
  10.82  4.40 10.85    80  8.5610D-01  5.6224D-01  2.9386D-01  1.4633D+00  1.0042D+00  4.5914D-01
  10.82  4.40 10.85    90  2.4228D+00  1.5792D+00  8.4355D-01  4.1207D+00  2.7799D+00  1.3409D+00
 ================================================================================================
 SPHEROID: Oblate
 Refractive index:  1.2000  0.0300 i     Lambda=10.000 mkm     a/b = 15.000
 ================================================================================================
    c    x_V 2*pi*a/w alpha  Qext(TM)    Qsca(TM)    Qabs(TM)    Qext(TE)    Qsca(TE)    Qabs(TE)
 ================================================================================================
  10.82  4.40 10.85     0  1.2115D-01  6.4309D-02  5.6842D-02
  10.82  4.40 10.85     5  1.2135D-01  6.4374D-02  5.6972D-02  1.0347D-01  1.7396D-01 -7.0490D-02
  10.82  4.40 10.85    10  1.2183D-01  6.4425D-02  5.7403D-02  1.0807D-01  1.3318D-01 -2.5103D-02
  10.82  4.40 10.85    15  1.2243D-01  6.4246D-02  5.8184D-02  1.1448D-01  9.8458D-02  1.6024D-02
  10.82  4.40 10.85    20  1.2321D-01  6.3919D-02  5.9288D-02  1.2045D-01  8.4991D-02  3.5455D-02
  10.82  4.40 10.85    25  1.2453D-01  6.3846D-02  6.0684D-02  1.2793D-01  8.7493D-02  4.0440D-02
  10.82  4.40 10.85    30  1.2672D-01  6.4292D-02  6.2426D-02  1.3910D-01  9.3946D-02  4.5155D-02
  10.82  4.40 10.85    35  1.2982D-01  6.5295D-02  6.4528D-02  1.5190D-01  9.9846D-02  5.2055D-02
  10.82  4.40 10.85    40  1.3464D-01  6.7768D-02  6.6877D-02  1.6689D-01  1.1034D-01  5.6551D-02
  10.82  4.40 10.85    45  1.4421D-01  7.4639D-02  6.9574D-02  1.9293D-01  1.3382D-01  5.9114D-02
  10.82  4.40 10.85    50  1.6354D-01  9.0062D-02  7.3480D-02  2.4131D-01  1.7552D-01  6.5791D-02
  10.82  4.40 10.85    55  1.9749D-01  1.1715D-01  8.0336D-02  3.1759D-01  2.3565D-01  8.1934D-02
  10.82  4.40 10.85    60  2.4935D-01  1.5692D-01  9.2431D-02  4.2182D-01  3.1203D-01  1.0979D-01
  10.82  4.40 10.85    65  3.2243D-01  2.0995D-01  1.1248D-01  5.5598D-01  4.0508D-01  1.5090D-01
  10.82  4.40 10.85    70  4.2496D-01  2.8042D-01  1.4454D-01  7.3394D-01  5.2399D-01  2.0995D-01
  10.82  4.40 10.85    75  5.8037D-01  3.8314D-01  1.9724D-01  9.9747D-01  6.9724D-01  3.0023D-01
  10.82  4.40 10.85    80  8.5610D-01  5.6224D-01  2.9386D-01  1.4633D+00  1.0042D+00  4.5914D-01
  10.82  4.40 10.85    85  1.4687D+00  9.5944D-01  5.0931D-01  2.5012D+00  1.6949D+00  8.0632D-01
  10.82  4.40 10.85    90  2.4228D+00  1.5792D+00  8.4355D-01  4.1207D+00  2.7799D+00  1.3409D+00
  10.82  4.40 10.85    95  1.4687D+00  9.5944D-01  5.0931D-01  2.5012D+00  1.6949D+00  8.0632D-01
 ================================================================================================
 SPHEROID: Oblate
 Refractive index:  1.2000  0.0300 i     Lambda=10.000 mkm     a/b = 14.000
 ================================================================================================
    c    x_V 2*pi*a/w alpha  Qext(TM)    Qsca(TM)    Qabs(TM)    Qext(TE)    Qsca(TE)    Qabs(TE)
 ================================================================================================
  10.57  4.40 10.60     0  1.2722D-01  6.8225D-02  5.8999D-02
  10.57  4.40 10.60     5  1.2751D-01  6.8357D-02  5.9157D-02  1.1518D-01  1.1010D-01  5.0762D-03
  10.57  4.40 10.60    10  1.2821D-01  6.8561D-02  5.9653D-02  1.1780D-01  9.9259D-02  1.8543D-02
  10.57  4.40 10.60    15  1.2905D-01  6.8547D-02  6.0505D-02  1.2354D-01  8.8653D-02  3.4885D-02
  10.57  4.40 10.60    20  1.3010D-01  6.8415D-02  6.1686D-02  1.3058D-01  8.4755D-02  4.5828D-02
  10.57  4.40 10.60    25  1.3181D-01  6.8620D-02  6.3190D-02  1.3918D-01  8.8673D-02  5.0508D-02
  10.57  4.40 10.60    30  1.3447D-01  6.9396D-02  6.5078D-02  1.5064D-01  9.6242D-02  5.4403D-02
  10.57  4.40 10.60    35  1.3810D-01  7.0759D-02  6.7340D-02  1.6398D-01  1.0450D-01  5.9478D-02
  10.57  4.40 10.60    40  1.4364D-01  7.3781D-02  6.9854D-02  1.8050D-01  1.1704D-01  6.3461D-02
  10.57  4.40 10.60    45  1.5443D-01  8.1660D-02  7.2766D-02  2.0883D-01  1.4217D-01  6.6662D-02
  10.57  4.40 10.60    50  1.7575D-01  9.8724D-02  7.7023D-02  2.6049D-01  1.8669D-01  7.3796D-02
  10.57  4.40 10.60    55  2.1260D-01  1.2814D-01  8.4462D-02  3.4229D-01  2.5210D-01  9.0181D-02
  10.57  4.40 10.60    60  2.6845D-01  1.7098D-01  9.7462D-02  4.5559D-01  3.3642D-01  1.1916D-01
  10.57  4.40 10.60    65  3.4690D-01  2.2805D-01  1.1885D-01  6.0307D-01  4.3977D-01  1.6329D-01
  10.57  4.40 10.60    70  4.5690D-01  3.0403D-01  1.5287D-01  7.9943D-01  5.7163D-01  2.2780D-01
  10.57  4.40 10.60    75  6.2325D-01  4.1476D-01  2.0848D-01  1.0889D+00  7.6228D-01  3.2664D-01
  10.57  4.40 10.60    80  9.1566D-01  6.0628D-01  3.0938D-01  1.5943D+00  1.0954D+00  4.9884D-01
  10.57  4.40 10.60    85  1.5451D+00  1.0177D+00  5.2731D-01  2.6827D+00  1.8200D+00  8.6269D-01
  10.57  4.40 10.60    90  2.4432D+00  1.6060D+00  8.3717D-01  4.2378D+00  2.8621D+00  1.3757D+00
  10.57  4.40 10.60    95  1.5451D+00  1.0177D+00  5.2733D-01  2.6827D+00  1.8200D+00  8.6272D-01
 ================================================================================================
