 SPHEROID: Oblate
 Refractive index:  1.5000  0.0000 i     Lambda= 0.500 mkm     a/b =  2.000
 ================================================================================================
    c    x_V 2*pi*a/w alpha Cext/Pi/Rv**2  Csca/Pi/Rv**2  Cabs/Pi/Rv**2  Alb     Cpol    Pol(%)
 ================================================================================================
   3.27  3.00  3.78     0   2.6190D+00     2.6190D+00     2.1831D-08     1.00
   3.27  3.00  3.78    10   2.5945D+00     2.5945D+00     7.2250D-09     1.00 -4.4630D-03 -0.17
   3.27  3.00  3.78    20   2.5529D+00     2.5529D+00     6.0027D-10     1.00 -1.4549D-02 -0.57
   3.27  3.00  3.78    30   2.5680D+00     2.5680D+00    -3.1245D-09     1.00 -3.0588D-02 -1.19
   3.27  3.00  3.78    40   2.7030D+00     2.7030D+00    -3.1596D-09     1.00 -6.4976D-02 -2.40
   3.27  3.00  3.78    50   2.9645D+00     2.9645D+00    -1.9267D-09     1.00 -1.2813D-01 -4.32
   3.27  3.00  3.78    60   3.2960D+00     3.2960D+00    -9.7958D-10     1.00 -2.1248D-01 -6.45
   3.27  3.00  3.78    70   3.6107D+00     3.6107D+00    -4.2435D-10     1.00 -2.9575D-01 -8.19
   3.27  3.00  3.78    80   3.8310D+00     3.8310D+00    -1.6951D-10     1.00 -3.5516D-01 -9.27
   3.27  3.00  3.78    90   3.9095D+00     3.9095D+00    -1.2417D-10     1.00 -3.7647D-01 -9.63
 ================================================================================================
 SPHEROID: Oblate
 Refractive index:  1.5000  0.0000 i     Lambda= 0.500 mkm     a/b =  4.000
 ================================================================================================
    c    x_V 2*pi*a/w alpha Cext/Pi/Rv**2  Csca/Pi/Rv**2  Cabs/Pi/Rv**2  Alb     Cpol    Pol(%)
 ================================================================================================
   4.61  3.00  4.76     0   1.8489D+00     1.8489D+00     2.4653D-08     1.00
   4.61  3.00  4.76    10   1.8195D+00     1.8191D+00     3.7482D-04     1.00  1.1420D-02  0.63
   4.61  3.00  4.76    20   1.7393D+00     1.7392D+00     7.4178D-05     1.00  6.4343D-02  3.70
   4.61  3.00  4.76    30   1.7069D+00     1.7069D+00    -8.3245D-05     1.00  1.2117D-01  7.10
   4.61  3.00  4.76    40   1.9082D+00     1.9083D+00    -6.4688D-05     1.00  5.1213D-02  2.68
   4.61  3.00  4.76    50   2.4067D+00     2.4067D+00    -4.9243D-06     1.00 -2.0450D-01 -8.50
   4.61  3.00  4.76    60   3.0518D+00     3.0517D+00     1.4938D-05     1.00 -5.5701D-01-18.25
   4.61  3.00  4.76    70   3.6254D+00     3.6254D+00     2.8719D-06     1.00 -8.7350D-01-24.09
   4.61  3.00  4.76    80   3.9930D+00     3.9930D+00    -1.2916D-05     1.00 -1.0758D+00-26.94
   4.61  3.00  4.76    90   4.1163D+00     4.1163D+00    -1.9006D-05     1.00 -1.1434D+00-27.78
 ================================================================================================
 SPHEROID: Oblate
 Refractive index:  1.5000  0.0000 i     Lambda= 0.500 mkm     a/b =  2.000
 ================================================================================================
    c    x_V 2*pi*a/w alpha Cext/Pi/Rv**2  Csca/Pi/Rv**2  Cabs/Pi/Rv**2  Alb     Cpol    Pol(%)
 ================================================================================================
   3.27  3.00  3.78     0   2.6190D+00     2.6190D+00     2.1831D-08     1.00
   3.27  3.00  3.78    10   2.5945D+00     2.5945D+00     7.2250D-09     1.00 -4.4630D-03 -0.17
   3.27  3.00  3.78    20   2.5529D+00     2.5529D+00     6.0027D-10     1.00 -1.4549D-02 -0.57
   3.27  3.00  3.78    30   2.5680D+00     2.5680D+00    -3.1245D-09     1.00 -3.0588D-02 -1.19
   3.27  3.00  3.78    40   2.7030D+00     2.7030D+00    -3.1596D-09     1.00 -6.4976D-02 -2.40
   3.27  3.00  3.78    50   2.9645D+00     2.9645D+00    -1.9267D-09     1.00 -1.2813D-01 -4.32
   3.27  3.00  3.78    60   3.2960D+00     3.2960D+00    -9.7958D-10     1.00 -2.1248D-01 -6.45
   3.27  3.00  3.78    70   3.6107D+00     3.6107D+00    -4.2435D-10     1.00 -2.9575D-01 -8.19
   3.27  3.00  3.78    80   3.8310D+00     3.8310D+00    -1.6951D-10     1.00 -3.5516D-01 -9.27
   3.27  3.00  3.78    90   3.9095D+00     3.9095D+00    -1.2417D-10     1.00 -3.7647D-01 -9.63
 ================================================================================================
 SPHEROID: Oblate
 Refractive index:  1.5000  0.0000 i     Lambda= 0.500 mkm     a/b =  4.000
 ================================================================================================
    c    x_V 2*pi*a/w alpha Cext/Pi/Rv**2  Csca/Pi/Rv**2  Cabs/Pi/Rv**2  Alb     Cpol    Pol(%)
 ================================================================================================
   4.61  3.00  4.76     0   1.8489D+00     1.8489D+00     2.4653D-08     1.00
   4.61  3.00  4.76    10   1.8195D+00     1.8191D+00     3.7482D-04     1.00  1.1420D-02  0.63
   4.61  3.00  4.76    20   1.7393D+00     1.7392D+00     7.4178D-05     1.00  6.4343D-02  3.70
   4.61  3.00  4.76    30   1.7069D+00     1.7069D+00    -8.3245D-05     1.00  1.2117D-01  7.10
   4.61  3.00  4.76    40   1.9082D+00     1.9083D+00    -6.4688D-05     1.00  5.1213D-02  2.68
   4.61  3.00  4.76    50   2.4067D+00     2.4067D+00    -4.9243D-06     1.00 -2.0450D-01 -8.50
   4.61  3.00  4.76    60   3.0518D+00     3.0517D+00     1.4938D-05     1.00 -5.5701D-01-18.25
   4.61  3.00  4.76    70   3.6254D+00     3.6254D+00     2.8719D-06     1.00 -8.7350D-01-24.09
   4.61  3.00  4.76    80   3.9930D+00     3.9930D+00    -1.2916D-05     1.00 -1.0758D+00-26.94
   4.61  3.00  4.76    90   4.1163D+00     4.1163D+00    -1.9006D-05     1.00 -1.1434D+00-27.78
 ================================================================================================
 SPHEROID: Oblate
 Refractive index:  1.5000  0.0000 i     Lambda= 0.500 mkm     a/b =  2.000
 ================================================================================================
    c    x_V 2*pi*a/w alpha Cext/Pi/Rv**2  Csca/Pi/Rv**2  Cabs/Pi/Rv**2  Alb     Cpol    Pol(%)
 ================================================================================================
   3.27  3.00  3.78     0   2.6190D+00     2.6190D+00     2.1831D-08     1.00
   3.27  3.00  3.78    10   2.5945D+00     2.5945D+00     7.2250D-09     1.00 -4.4630D-03 -0.17
   3.27  3.00  3.78    20   2.5529D+00     2.5529D+00     6.0027D-10     1.00 -1.4549D-02 -0.57
   3.27  3.00  3.78    30   2.5680D+00     2.5680D+00    -3.1245D-09     1.00 -3.0588D-02 -1.19
   3.27  3.00  3.78    40   2.7030D+00     2.7030D+00    -3.1596D-09     1.00 -6.4976D-02 -2.40
   3.27  3.00  3.78    50   2.9645D+00     2.9645D+00    -1.9267D-09     1.00 -1.2813D-01 -4.32
   3.27  3.00  3.78    60   3.2960D+00     3.2960D+00    -9.7958D-10     1.00 -2.1248D-01 -6.45
   3.27  3.00  3.78    70   3.6107D+00     3.6107D+00    -4.2435D-10     1.00 -2.9575D-01 -8.19
   3.27  3.00  3.78    80   3.8310D+00     3.8310D+00    -1.6951D-10     1.00 -3.5516D-01 -9.27
   3.27  3.00  3.78    90   3.9095D+00     3.9095D+00    -1.2417D-10     1.00 -3.7647D-01 -9.63
 ================================================================================================
 SPHEROID: Oblate
 Refractive index:  1.5000  0.0000 i     Lambda= 0.500 mkm     a/b = 20.000
 ================================================================================================
    c    x_V 2*pi*a/w alpha Cext/Pi/Rv**2  Csca/Pi/Rv**2  Cabs/Pi/Rv**2  Alb     Cpol    Pol(%)
 ================================================================================================
   8.13  3.00  8.14     0   1.3409D+00     1.3409D+00     2.0267D-08     1.00
   8.13  3.00  8.14    10   1.9817D+00     8.2338D+00    -6.2520D+00     4.15 -6.8993D-01-34.81
   8.13  3.00  8.14    20   1.6456D+00     2.6830D+00    -1.0374D+00     1.63 -4.7024D-01-28.58
   8.13  3.00  8.14    30   1.6731D+00     1.9747D+00    -3.0160D-01     1.18 -6.6341D-01-39.65
   8.13  3.00  8.14    40   1.6613D+00     1.7872D+00    -1.2586D-01     1.08 -8.2198D-01-49.48
   8.13  3.00  8.14    50   1.8493D+00     1.8085D+00     4.0791D-02     0.98 -1.0896D+00-58.92
   8.13  3.00  8.14    60   2.6030D+00     2.5838D+00     1.9259D-02     0.99 -1.8354D+00-70.51
   8.13  3.00  8.14    70   3.3150D+00     3.2989D+00     1.6087D-02     1.00 -2.5275D+00-76.24
   8.13  3.00  8.14    80   3.6354D+00     3.5974D+00     3.7944D-02     0.99 -2.8470D+00-78.31
   8.13  3.00  8.14    90   3.7035D+00     3.6557D+00     4.7749D-02     0.99 -2.9186D+00-78.81
 ================================================================================================
 SPHEROID: Oblate
 Refractive index:  1.3300  0.0000 i     Lambda= 0.500 mkm     a/b = 20.000
 ================================================================================================
    c    x_V 2*pi*a/w alpha Cext/Pi/Rv**2  Csca/Pi/Rv**2  Cabs/Pi/Rv**2  Alb     Cpol    Pol(%)
 ================================================================================================
   8.13  3.00  8.14     0   5.7012D-01     5.7012D-01    -7.9445D-09     1.00
   8.13  3.00  8.14    10   2.6871D+00     3.7597D+01    -3.4910D+01    13.99 -2.1342D+00-79.42
   8.13  3.00  8.14    20   3.1696D+00     1.1714D+01    -8.5441D+00     3.70 -2.6673D+00-84.15
   8.13  3.00  8.14    30   2.9608D+00     5.7597D+00    -2.7989D+00     1.95 -2.5326D+00-85.54
   8.13  3.00  8.14    40   3.3271D+00     4.8475D+00    -1.5205D+00     1.46 -2.9588D+00-88.93
   8.13  3.00  8.14    50   3.1573D+00     3.4603D+00    -3.0292D-01     1.10 -2.7953D+00-88.53
   8.13  3.00  8.14    60   3.4767D+00     3.4176D+00     5.9122D-02     0.98 -3.0857D+00-88.75
   8.13  3.00  8.14    70   4.3450D+00     3.9801D+00     3.6499D-01     0.92 -3.9331D+00-90.52
   8.13  3.00  8.14    80   5.0095D+00     4.3128D+00     6.9664D-01     0.86 -4.5947D+00-91.72
   8.13  3.00  8.14    90   5.2246D+00     4.3938D+00     8.3082D-01     0.84 -4.8116D+00-92.09
 ================================================================================================
 SPHEROID: Oblate
 Refractive index:  1.3300  0.0000 i     Lambda= 1.000 mkm     a/b = 20.000
 ================================================================================================
    c    x_V 2*pi*a/w alpha Cext/Pi/Rv**2  Csca/Pi/Rv**2  Cabs/Pi/Rv**2  Alb     Cpol    Pol(%)
 ================================================================================================
   8.13  3.00  8.14     0   5.7012D-01     5.7012D-01    -7.9445D-09     1.00
   8.13  3.00  8.14    10   2.6871D+00     3.7597D+01    -3.4910D+01    13.99 -2.1342D+00-79.42
   8.13  3.00  8.14    20   3.1696D+00     1.1714D+01    -8.5441D+00     3.70 -2.6673D+00-84.15
   8.13  3.00  8.14    30   2.9608D+00     5.7597D+00    -2.7989D+00     1.95 -2.5326D+00-85.54
   8.13  3.00  8.14    40   3.3271D+00     4.8475D+00    -1.5205D+00     1.46 -2.9588D+00-88.93
   8.13  3.00  8.14    50   3.1573D+00     3.4603D+00    -3.0292D-01     1.10 -2.7953D+00-88.53
   8.13  3.00  8.14    60   3.4767D+00     3.4176D+00     5.9122D-02     0.98 -3.0857D+00-88.75
   8.13  3.00  8.14    70   4.3450D+00     3.9801D+00     3.6499D-01     0.92 -3.9331D+00-90.52
   8.13  3.00  8.14    80   5.0095D+00     4.3128D+00     6.9664D-01     0.86 -4.5947D+00-91.72
   8.13  3.00  8.14    90   5.2246D+00     4.3938D+00     8.3082D-01     0.84 -4.8116D+00-92.09
 ================================================================================================
 SPHEROID: Oblate
 Refractive index:  1.3300  0.0000 i     Lambda=10.000 mkm     a/b = 20.000
 ================================================================================================
    c    x_V 2*pi*a/w alpha Cext/Pi/Rv**2  Csca/Pi/Rv**2  Cabs/Pi/Rv**2  Alb     Cpol    Pol(%)
 ================================================================================================
   8.13  3.00  8.14     0   5.7012D-01     5.7012D-01    -7.9445D-09     1.00
   8.13  3.00  8.14    10   2.6871D+00     3.7597D+01    -3.4910D+01    13.99 -2.1342D+00-79.42
   8.13  3.00  8.14    20   3.1696D+00     1.1714D+01    -8.5441D+00     3.70 -2.6673D+00-84.15
   8.13  3.00  8.14    30   2.9608D+00     5.7597D+00    -2.7989D+00     1.95 -2.5326D+00-85.54
   8.13  3.00  8.14    40   3.3271D+00     4.8475D+00    -1.5205D+00     1.46 -2.9588D+00-88.93
   8.13  3.00  8.14    50   3.1573D+00     3.4603D+00    -3.0292D-01     1.10 -2.7953D+00-88.53
   8.13  3.00  8.14    60   3.4767D+00     3.4176D+00     5.9122D-02     0.98 -3.0857D+00-88.75
   8.13  3.00  8.14    70   4.3450D+00     3.9801D+00     3.6499D-01     0.92 -3.9331D+00-90.52
   8.13  3.00  8.14    80   5.0095D+00     4.3128D+00     6.9664D-01     0.86 -4.5947D+00-91.72
   8.13  3.00  8.14    90   5.2246D+00     4.3938D+00     8.3082D-01     0.84 -4.8116D+00-92.09
 ================================================================================================
 SPHEROID: Oblate
 Refractive index:  1.3300  0.0000 i     Lambda=10.000 mkm     a/b = 20.000
 ================================================================================================
    c    x_V 2*pi*a/w alpha Cext/Pi/Rv**2  Csca/Pi/Rv**2  Cabs/Pi/Rv**2  Alb     Cpol    Pol(%)
 ================================================================================================
   5.11  1.88  5.12     0   2.5116D-01     2.5116D-01     1.3527D-09     1.00
   5.11  1.88  5.12    10   1.9714D+00     3.0743D+01    -2.8772D+01    15.59 -1.7292D+00-87.71
   5.11  1.88  5.12    20   4.4945D+00     2.0603D+01    -1.6109D+01     4.58 -4.2774D+00-95.17
   5.11  1.88  5.12    30   5.6627D+00     1.1569D+01    -5.9060D+00     2.04 -5.4795D+00-96.76
   5.11  1.88  5.12    40   5.2395D+00     6.5526D+00    -1.3131D+00     1.25 -5.0883D+00-97.11
   5.11  1.88  5.12    50   4.4988D+00     4.5833D+00    -8.4501D-02     1.02 -4.3709D+00-97.16
   5.11  1.88  5.12    60   4.2134D+00     3.9407D+00     2.7273D-01     0.94 -4.0999D+00-97.31
   5.11  1.88  5.12    70   4.3141D+00     3.7038D+00     6.1039D-01     0.86 -4.2094D+00-97.57
   5.11  1.88  5.12    80   4.4991D+00     3.5942D+00     9.0485D-01     0.80 -4.3992D+00-97.78
   5.11  1.88  5.12    90   4.5788D+00     3.5597D+00     1.0191D+00     0.78 -4.4806D+00-97.85
 ================================================================================================
 SPHEROID: Oblate
 Refractive index:  1.3300  0.0000 i     Lambda=10.000 mkm     a/b = 20.000
 ================================================================================================
    c    x_V 2*pi*a/w alpha Cext/Pi/Rv**2  Csca/Pi/Rv**2  Cabs/Pi/Rv**2  Alb     Cpol    Pol(%)
 ================================================================================================
  17.03  6.28 17.06     0   1.5478D+00     1.5478D+00    -6.2178D-09     1.00
  17.03  6.28 17.06    10   1.7290D+00     4.8569D+00    -3.1280D+00     2.81 -2.0413D-01-11.81
  17.03  6.28 17.06    20   1.7399D+00     2.2970D+00    -5.5716D-01     1.32 -2.5192D-01-14.48
  17.03  6.28 17.06    30   1.7590D+00     1.9046D+00    -1.4568D-01     1.08 -3.2667D-01-18.57
  17.03  6.28 17.06    40   1.8173D+00     1.8603D+00    -4.3039D-02     1.02 -4.4494D-01-24.48
  17.03  6.28 17.06    50   1.9590D+00     1.9467D+00     1.2354D-02     0.99 -6.0960D-01-31.12
  17.03  6.28 17.06    60   2.0761D+00     2.0659D+00     1.0133D-02     1.00 -5.4203D-01-26.11
  17.03  6.28 17.06    70   3.3355D+00     3.3089D+00     2.6651D-02     0.99 -4.7523D-01-14.25
  17.03  6.28 17.06    80   5.6172D+00     5.6149D+00     2.2766D-03     1.00 -1.5056D+00-26.80
  17.03  6.28 17.06    90   6.5595D+00     6.5653D+00    -5.7700D-03     1.00 -2.0668D+00-31.51
 ================================================================================================
 SPHEROID: Oblate
 Refractive index:  1.3300  0.0000 i     Lambda=10.000 mkm     a/b = 20.000
 ================================================================================================
    c    x_V 2*pi*a/w alpha Cext/Pi/Rv**2  Csca/Pi/Rv**2  Cabs/Pi/Rv**2  Alb     Cpol    Pol(%)
 ================================================================================================
  17.03  6.28 17.06     0   1.5478D+00     1.5478D+00    -6.2178D-09     1.00
  17.03  6.28 17.06    10   1.7290D+00     4.8569D+00    -3.1280D+00     2.81 -2.0413D-01-11.81
  17.03  6.28 17.06    20   1.7399D+00     2.2970D+00    -5.5716D-01     1.32 -2.5192D-01-14.48
  17.03  6.28 17.06    30   1.7590D+00     1.9046D+00    -1.4568D-01     1.08 -3.2667D-01-18.57
  17.03  6.28 17.06    40   1.8173D+00     1.8603D+00    -4.3039D-02     1.02 -4.4494D-01-24.48
  17.03  6.28 17.06    50   1.9590D+00     1.9467D+00     1.2354D-02     0.99 -6.0960D-01-31.12
  17.03  6.28 17.06    60   2.0761D+00     2.0659D+00     1.0133D-02     1.00 -5.4203D-01-26.11
  17.03  6.28 17.06    70   3.3355D+00     3.3089D+00     2.6651D-02     0.99 -4.7523D-01-14.25
  17.03  6.28 17.06    80   5.6172D+00     5.6149D+00     2.2766D-03     1.00 -1.5056D+00-26.80
  17.03  6.28 17.06    90   6.5595D+00     6.5653D+00    -5.7700D-03     1.00 -2.0668D+00-31.51
 ================================================================================================
 SPHEROID: Oblate
 Refractive index:  1.3300  0.0000 i     Lambda=10.000 mkm     a/b = 20.000
 ================================================================================================
    c    x_V 2*pi*a/w alpha Cext/Pi/Rv**2  Csca/Pi/Rv**2  Cabs/Pi/Rv**2  Alb     Cpol    Pol(%)
 ================================================================================================
  17.03  6.28 17.06     1   2.1329D+00     2.3712D+01    -2.1579D+01    11.12 -5.8573D-01-27.46
 ================================================================================================
 SPHEROID: Oblate
 Refractive index:  1.3300  0.0000 i     Lambda=10.000 mkm     a/b = 20.000
 ================================================================================================
    c    x_V 2*pi*a/w alpha Cext/Pi/Rv**2  Csca/Pi/Rv**2  Cabs/Pi/Rv**2  Alb     Cpol    Pol(%)
 ================================================================================================
  17.03  6.28 17.06     0   1.5478D+00     1.5478D+00    -6.2178D-09     1.00
  17.03  6.28 17.06    18   1.7684D+00     2.5805D+00    -8.1214D-01     1.46 -2.7106D-01-15.33
  17.03  6.28 17.06    36   1.7585D+00     1.7984D+00    -3.9891D-02     1.02 -3.7108D-01-21.10
  17.03  6.28 17.06    54   1.9234D+00     1.9249D+00    -1.4931D-03     1.00 -6.5041D-01-33.81
  17.03  6.28 17.06    72   3.4635D+00     3.4425D+00     2.0981D-02     0.99 -4.1126D-01-11.87
  17.03  6.28 17.06    90   6.3048D+00     6.3140D+00    -9.2115D-03     1.00 -1.8784D+00-29.79
  17.03  6.28 17.06   108   3.7283D+00     3.7063D+00     2.2043D-02     0.99 -5.7047D-01-15.30
  17.03  6.28 17.06   126   2.0358D+00     2.0366D+00    -7.9571D-04     1.00 -7.1063D-01-34.91
  17.03  6.28 17.06   144   1.7707D+00     1.8143D+00    -4.3566D-02     1.02 -3.7830D-01-21.36
  17.03  6.28 17.06   162   1.7684D+00     2.5805D+00    -8.1215D-01     1.46 -2.7107D-01-15.33
 ================================================================================================
 SPHEROID: Oblate
 Refractive index:  1.3300  0.0000 i     Lambda=10.000 mkm     a/b = 20.000
 ================================================================================================
    c    x_V 2*pi*a/w alpha Cext/Pi/Rv**2  Csca/Pi/Rv**2  Cabs/Pi/Rv**2  Alb     Cpol    Pol(%)
 ================================================================================================
  17.03  6.28 17.06     0   1.5478D+00     1.5478D+00    -6.2178D-09     1.00
  17.03  6.28 17.06    10   1.7290D+00     4.8569D+00    -3.1280D+00     2.81 -2.0413D-01-11.81
  17.03  6.28 17.06    20   1.7368D+00     2.2915D+00    -5.5474D-01     1.32 -2.5050D-01-14.42
  17.03  6.28 17.06    30   1.7359D+00     1.8730D+00    -1.3715D-01     1.08 -3.1544D-01-18.17
  17.03  6.28 17.06    40   1.7394D+00     1.7742D+00    -3.4801D-02     1.02 -4.0220D-01-23.12
  17.03  6.28 17.06    50   1.8367D+00     1.8220D+00     1.4705D-02     0.99 -5.4950D-01-29.92
  17.03  6.28 17.06    60   1.8424D+00     1.8347D+00     7.7618D-03     1.00 -4.1283D-01-22.41
  17.03  6.28 17.06    70   2.8376D+00     2.8119D+00     2.5750D-02     0.99 -1.8341D-01 -6.46
  17.03  6.28 17.06    80   5.1953D+00     5.1946D+00     7.1916D-04     1.00 -1.2321D+00-23.72
  17.03  6.28 17.06    90   6.1049D+00     6.1123D+00    -7.3396D-03     1.00 -1.7742D+00-29.06
  17.03  6.28 17.06   100   5.3827D+00     5.3830D+00    -3.0924D-04     1.00 -1.3303D+00-24.72
  17.03  6.28 17.06   110   3.1673D+00     3.1405D+00     2.6798D-02     0.99 -3.4678D-01-10.95
  17.03  6.28 17.06   120   2.0509D+00     2.0393D+00     1.1547D-02     0.99 -5.2076D-01-25.39
  17.03  6.28 17.06   130   1.9553D+00     1.9424D+00     1.2881D-02     0.99 -6.0660D-01-31.02
  17.03  6.28 17.06   140   1.8172D+00     1.8602D+00    -4.3005D-02     1.02 -4.4485D-01-24.48
  17.03  6.28 17.06   150   1.7590D+00     1.9047D+00    -1.4568D-01     1.08 -3.2667D-01-18.57
  17.03  6.28 17.06   160   1.7399D+00     2.2970D+00    -5.5717D-01     1.32 -2.5193D-01-14.48
  17.03  6.28 17.06   170   1.7291D+00     4.8571D+00    -3.1280D+00     2.81 -2.0415D-01-11.81
 ================================================================================================
 SPHEROID: Oblate
 Refractive index:  1.3300  0.0000 i     Lambda=10.000 mkm     a/b = 20.000
 ================================================================================================
    c    x_V 2*pi*a/w alpha Cext/Pi/Rv**2  Csca/Pi/Rv**2  Cabs/Pi/Rv**2  Alb     Cpol    Pol(%)
 ================================================================================================
  17.03  6.28 17.06     0   1.5478D+00     1.5478D+00    -6.2178D-09     1.00
  17.03  6.28 17.06    10   1.7290D+00     4.8569D+00    -3.1280D+00     2.81 -2.0413D-01-11.81
  17.03  6.28 17.06    20   1.7368D+00     2.2915D+00    -5.5474D-01     1.32 -2.5050D-01-14.42
  17.03  6.28 17.06    30   1.7359D+00     1.8730D+00    -1.3715D-01     1.08 -3.1544D-01-18.17
  17.03  6.28 17.06    40   1.7394D+00     1.7742D+00    -3.4801D-02     1.02 -4.0220D-01-23.12
  17.03  6.28 17.06    50   1.8367D+00     1.8220D+00     1.4705D-02     0.99 -5.4950D-01-29.92
  17.03  6.28 17.06    60   1.8424D+00     1.8347D+00     7.7618D-03     1.00 -4.1283D-01-22.41
  17.03  6.28 17.06    70   2.8376D+00     2.8119D+00     2.5750D-02     0.99 -1.8341D-01 -6.46
  17.03  6.28 17.06    80   5.1953D+00     5.1946D+00     7.1916D-04     1.00 -1.2321D+00-23.72
  17.03  6.28 17.06    90   6.1049D+00     6.1123D+00    -7.3396D-03     1.00 -1.7742D+00-29.06
  17.03  6.28 17.06   100   5.3827D+00     5.3830D+00    -3.0924D-04     1.00 -1.3303D+00-24.72
  17.03  6.28 17.06   110   3.1673D+00     3.1405D+00     2.6798D-02     0.99 -3.4678D-01-10.95
  17.03  6.28 17.06   120   2.0509D+00     2.0393D+00     1.1547D-02     0.99 -5.2076D-01-25.39
  17.03  6.28 17.06   130   1.9553D+00     1.9424D+00     1.2881D-02     0.99 -6.0660D-01-31.02
  17.03  6.28 17.06   140   1.8172D+00     1.8602D+00    -4.3005D-02     1.02 -4.4485D-01-24.48
  17.03  6.28 17.06   150   1.7590D+00     1.9047D+00    -1.4568D-01     1.08 -3.2667D-01-18.57
  17.03  6.28 17.06   160   1.7399D+00     2.2970D+00    -5.5717D-01     1.32 -2.5193D-01-14.48
  17.03  6.28 17.06   170   1.7291D+00     4.8571D+00    -3.1280D+00     2.81 -2.0415D-01-11.81
 ================================================================================================
 SPHEROID: Oblate
 Refractive index:  1.3300  0.0000 i     Lambda=10.000 mkm     a/b = 20.000
 ================================================================================================
    c    x_V 2*pi*a/w alpha Cext/Pi/Rv**2  Csca/Pi/Rv**2  Cabs/Pi/Rv**2  Alb     Cpol    Pol(%)
 ================================================================================================
  17.03  6.28 17.06     0   1.5478D+00     1.5478D+00    -6.2178D-09     1.00
  17.03  6.28 17.06    10   1.7290D+00     4.8569D+00    -3.1280D+00     2.81 -2.0413D-01-11.81
  17.03  6.28 17.06    20   1.7368D+00     2.2915D+00    -5.5474D-01     1.32 -2.5050D-01-14.42
  17.03  6.28 17.06    30   1.7359D+00     1.8730D+00    -1.3715D-01     1.08 -3.1544D-01-18.17
  17.03  6.28 17.06    40   1.7394D+00     1.7742D+00    -3.4801D-02     1.02 -4.0220D-01-23.12
  17.03  6.28 17.06    50   1.8367D+00     1.8220D+00     1.4705D-02     0.99 -5.4950D-01-29.92
  17.03  6.28 17.06    60   1.8424D+00     1.8347D+00     7.7618D-03     1.00 -4.1283D-01-22.41
  17.03  6.28 17.06    70   2.8376D+00     2.8119D+00     2.5750D-02     0.99 -1.8341D-01 -6.46
  17.03  6.28 17.06    80   5.1953D+00     5.1946D+00     7.1916D-04     1.00 -1.2321D+00-23.72
  17.03  6.28 17.06    90   6.1049D+00     6.1123D+00    -7.3396D-03     1.00 -1.7742D+00-29.06
  17.03  6.28 17.06   100   5.3827D+00     5.3830D+00    -3.0924D-04     1.00 -1.3303D+00-24.72
  17.03  6.28 17.06   110   3.1673D+00     3.1405D+00     2.6798D-02     0.99 -3.4678D-01-10.95
  17.03  6.28 17.06   120   2.0509D+00     2.0393D+00     1.1547D-02     0.99 -5.2076D-01-25.39
  17.03  6.28 17.06   130   1.9553D+00     1.9424D+00     1.2881D-02     0.99 -6.0660D-01-31.02
  17.03  6.28 17.06   140   1.8172D+00     1.8602D+00    -4.3005D-02     1.02 -4.4485D-01-24.48
  17.03  6.28 17.06   150   1.7590D+00     1.9047D+00    -1.4568D-01     1.08 -3.2667D-01-18.57
  17.03  6.28 17.06   160   1.7399D+00     2.2970D+00    -5.5717D-01     1.32 -2.5193D-01-14.48
  17.03  6.28 17.06   170   1.7291D+00     4.8571D+00    -3.1280D+00     2.81 -2.0415D-01-11.81
 ================================================================================================
 SPHEROID: Oblate
 Refractive index:  1.2000  0.0300 i     Lambda=10.000 mkm     a/b = 20.000
 ================================================================================================
    c    x_V 2*pi*a/w alpha Cext/Pi/Rv**2  Csca/Pi/Rv**2  Cabs/Pi/Rv**2  Alb     Cpol    Pol(%)
 ================================================================================================
  17.03  6.28 17.06     0   1.0679D+00     5.8845D-01     4.7942D-01     0.55
  17.03  6.28 17.06    10   9.9478D-01     1.0574D+00    -6.2661D-02     1.06  6.5374D-02  6.57
  17.03  6.28 17.06    20   9.9312D-01     6.9413D-01     2.9899D-01     0.70  4.0666D-02  4.09
  17.03  6.28 17.06    30   1.0018D+00     6.4649D-01     3.5527D-01     0.65 -1.4866D-02 -1.48
  17.03  6.28 17.06    40   1.0141D+00     6.4865D-01     3.6540D-01     0.64 -8.5450D-02 -8.43
  17.03  6.28 17.06    50   1.0424D+00     6.8036D-01     3.6208D-01     0.65 -1.5588D-01-14.95
  17.03  6.28 17.06    60   1.2198D+00     9.0743D-01     3.1235D-01     0.74 -2.1385D-01-17.53
  17.03  6.28 17.06    70   1.8555D+00     1.4484D+00     4.0716D-01     0.78 -3.8719D-01-20.87
  17.03  6.28 17.06    80   2.4250D+00     1.8331D+00     5.9189D-01     0.76 -5.3219D-01-21.95
  17.03  6.28 17.06    90   2.5535D+00     1.8964D+00     6.5708D-01     0.74 -5.6434D-01-22.10
  17.03  6.28 17.06   100   2.4961D+00     1.8781D+00     6.1803D-01     0.75 -5.5345D-01-22.17
  17.03  6.28 17.06   110   1.9894D+00     1.5395D+00     4.4997D-01     0.77 -4.2568D-01-21.40
  17.03  6.28 17.06   120   1.2897D+00     9.5780D-01     3.3189D-01     0.74 -2.2670D-01-17.58
  17.03  6.28 17.06   130   1.0853D+00     7.1603D-01     3.6928D-01     0.66 -1.5101D-01-13.91
  17.03  6.28 17.06   140   1.0297D+00     6.6310D-01     3.6658D-01     0.64 -7.3096D-02 -7.10
  17.03  6.28 17.06   150   1.0074D+00     6.5107D-01     3.5635D-01     0.65 -1.0554D-02 -1.05
  17.03  6.28 17.06   160   9.9383D-01     6.9478D-01     2.9904D-01     0.70  4.1123D-02  4.14
  17.03  6.28 17.06   170   9.9483D-01     1.0575D+00    -6.2641D-02     1.06  6.5390D-02  6.57
 ================================================================================================
 SPHEROID: Oblate
 Refractive index:  1.2000  0.0300 i     Lambda=10.000 mkm     a/b = 20.000
 ================================================================================================
    c    x_V 2*pi*a/w alpha Cext/Pi/Rv**2  Csca/Pi/Rv**2  Cabs/Pi/Rv**2  Alb     Cpol    Pol(%)
 ================================================================================================
  17.03  6.28 17.06     0   1.0679D+00     5.8845D-01     4.7942D-01     0.55
  17.03  6.28 17.06    11   9.9519D-01     9.2808D-01     6.7111D-02     0.93  6.2772D-02  6.31
  17.03  6.28 17.06    22   9.8723D-01     6.5366D-01     3.3357D-01     0.66  2.6463D-02  2.68
  17.03  6.28 17.06    33   9.2067D-01     5.6695D-01     3.5373D-01     0.62 -5.2735D-02 -5.73
  17.03  6.28 17.06    44   9.0672D-01     5.9375D-01     3.1297D-01     0.65 -1.1034D-01-12.17
  17.03  6.28 17.06    55   8.1930D-01     5.6307D-01     2.5623D-01     0.69 -1.1811D-01-14.42
  17.03  6.28 17.06    66   1.2810D+00     1.0067D+00     2.7431D-01     0.79 -2.4070D-01-18.79
  17.03  6.28 17.06    77   1.8313D+00     1.4159D+00     4.1537D-01     0.77 -3.7673D-01-20.57
  17.03  6.28 17.06    88   2.1964D+00     1.6466D+00     5.4986D-01     0.75 -4.7152D-01-21.47
  17.03  6.28 17.06    99   2.1091D+00     1.6037D+00     5.0532D-01     0.76 -4.4898D-01-21.29
  17.03  6.28 17.06   110   1.6480D+00     1.2946D+00     3.5343D-01     0.79 -3.3369D-01-20.25
  17.03  6.28 17.06   121   1.1135D+00     8.1769D-01     2.9581D-01     0.73 -1.8323D-01-16.46
  17.03  6.28 17.06   132   1.0535D+00     6.8476D-01     3.6879D-01     0.65 -1.5190D-01-14.42
  17.03  6.28 17.06   143   1.0137D+00     6.3874D-01     3.7493D-01     0.63 -5.2299D-02 -5.16
  17.03  6.28 17.06   154   9.9831D-01     6.4649D-01     3.5182D-01     0.65  1.4602D-02  1.46
  17.03  6.28 17.06   165   9.9027D-01     7.6848D-01     2.2179D-01     0.78  5.9104D-02  5.97
  17.03  6.28 17.06   176   9.5459D-01     2.8920D+00    -1.9374D+00     3.03  1.1221D-01 11.76
  17.03  6.28 17.06   187   9.8075D-01     1.7988D+00    -8.1807D-01     1.83  8.3635D-02  8.53
 ================================================================================================
 SPHEROID: Oblate
 Refractive index:  1.2000  0.0300 i     Lambda=10.000 mkm     a/b = 20.000
 ================================================================================================
    c    x_V 2*pi*a/w alpha Cext/Pi/Rv**2  Csca/Pi/Rv**2  Cabs/Pi/Rv**2  Alb     Cpol    Pol(%)
 ================================================================================================
  17.03  6.28 17.06     0   1.0679D+00     5.8845D-01     4.7942D-01     0.55
  17.03  6.28 17.06    10   9.9478D-01     1.0574D+00    -6.2661D-02     1.06  6.5374D-02  6.57
  17.03  6.28 17.06    20   9.9312D-01     6.9413D-01     2.9899D-01     0.70  4.0666D-02  4.09
  17.03  6.28 17.06    30   1.0018D+00     6.4649D-01     3.5527D-01     0.65 -1.4866D-02 -1.48
  17.03  6.28 17.06    40   1.0141D+00     6.4865D-01     3.6540D-01     0.64 -8.5450D-02 -8.43
  17.03  6.28 17.06    50   1.0424D+00     6.8036D-01     3.6208D-01     0.65 -1.5588D-01-14.95
  17.03  6.28 17.06    60   1.2198D+00     9.0743D-01     3.1235D-01     0.74 -2.1385D-01-17.53
  17.03  6.28 17.06    70   1.8555D+00     1.4484D+00     4.0716D-01     0.78 -3.8719D-01-20.87
  17.03  6.28 17.06    80   2.4250D+00     1.8331D+00     5.9189D-01     0.76 -5.3219D-01-21.95
  17.03  6.28 17.06    90   2.5535D+00     1.8964D+00     6.5708D-01     0.74 -5.6434D-01-22.10
  17.03  6.28 17.06   100   2.4961D+00     1.8781D+00     6.1803D-01     0.75 -5.5345D-01-22.17
  17.03  6.28 17.06   110   1.9894D+00     1.5395D+00     4.4997D-01     0.77 -4.2568D-01-21.40
  17.03  6.28 17.06   120   1.2897D+00     9.5780D-01     3.3189D-01     0.74 -2.2670D-01-17.58
  17.03  6.28 17.06   130   1.0853D+00     7.1603D-01     3.6928D-01     0.66 -1.5101D-01-13.91
  17.03  6.28 17.06   140   1.0297D+00     6.6310D-01     3.6658D-01     0.64 -7.3096D-02 -7.10
  17.03  6.28 17.06   150   1.0074D+00     6.5107D-01     3.5635D-01     0.65 -1.0554D-02 -1.05
  17.03  6.28 17.06   160   9.9383D-01     6.9478D-01     2.9904D-01     0.70  4.1123D-02  4.14
  17.03  6.28 17.06   170   9.9483D-01     1.0575D+00    -6.2641D-02     1.06  6.5390D-02  6.57
 ================================================================================================
 SPHEROID: Oblate
 Refractive index:  1.2000  0.0300 i     Lambda=10.000 mkm     a/b = 20.000
 ================================================================================================
    c    x_V 2*pi*a/w alpha Cext/Pi/Rv**2  Csca/Pi/Rv**2  Cabs/Pi/Rv**2  Alb     Cpol    Pol(%)
 ================================================================================================
  17.03  6.28 17.06     0   1.0679D+00     5.8845D-01     4.7942D-01     0.55
  17.03  6.28 17.06    10   9.9478D-01     1.0574D+00    -6.2661D-02     1.06  6.5374D-02  6.57
  17.03  6.28 17.06    20   9.9382D-01     6.9478D-01     2.9904D-01     0.70  4.1121D-02  4.14
  17.03  6.28 17.06    30   1.0074D+00     6.5107D-01     3.5635D-01     0.65 -1.0557D-02 -1.05
  17.03  6.28 17.06    40   1.0297D+00     6.6311D-01     3.6658D-01     0.64 -7.3080D-02 -7.10
  17.03  6.28 17.06    50   1.0854D+00     7.1617D-01     3.6927D-01     0.66 -1.5054D-01-13.87
  17.03  6.28 17.06    60   1.2971D+00     9.6355D-01     3.3359D-01     0.74 -2.2146D-01-17.07
  17.03  6.28 17.06    70   2.0137D+00     1.5549D+00     4.5878D-01     0.77 -4.1956D-01-20.84
  17.03  6.28 17.06    80   2.5395D+00     1.9026D+00     6.3684D-01     0.75 -5.5060D-01-21.68
  17.03  6.28 17.06    90   2.6812D+00     1.9723D+00     7.0893D-01     0.74 -5.8707D-01-21.90
 ================================================================================================
 SPHEROID: Oblate
 Refractive index:  1.2000  0.3000 i     Lambda=10.000 mkm     a/b = 20.000
 ================================================================================================
    c    x_V 2*pi*a/w alpha Cext/Pi/Rv**2  Csca/Pi/Rv**2  Cabs/Pi/Rv**2  Alb     Cpol    Pol(%)
 ================================================================================================
 ================================================================================================
 SPHEROID: Oblate
 Refractive index:  1.2000  0.1000 i     Lambda=10.000 mkm     a/b = 20.000
 ================================================================================================
    c    x_V 2*pi*a/w alpha Cext/Pi/Rv**2  Csca/Pi/Rv**2  Cabs/Pi/Rv**2  Alb     Cpol    Pol(%)
 ================================================================================================
  17.03  6.28 17.06     0   2.0591D+00     6.3257D-01     1.4265D+00     0.31
  17.03  6.28 17.06    10   1.8642D+00     9.5763D-01     9.0653D-01     0.51  1.8270D-01  9.80
  17.03  6.28 17.06    20   1.8676D+00     6.9883D-01     1.1688D+00     0.37  1.4307D-01  7.66
  17.03  6.28 17.06    30   1.8606D+00     6.6775D-01     1.1928D+00     0.36  8.8615D-02  4.76
  17.03  6.28 17.06    40   1.8448D+00     6.7981D-01     1.1650D+00     0.37  1.9069D-02  1.03
  17.03  6.28 17.06    50   1.8401D+00     7.3197D-01     1.1082D+00     0.40 -7.0063D-02 -3.81
  17.03  6.28 17.06    60   1.8226D+00     8.6469D-01     9.5795D-01     0.47 -9.5434D-02 -5.24
  17.03  6.28 17.06    70   2.2769D+00     1.2117D+00     1.0652D+00     0.53 -2.0693D-01 -9.09
  17.03  6.28 17.06    80   2.8240D+00     1.4325D+00     1.3915D+00     0.51 -3.2433D-01-11.48
  17.03  6.28 17.06    90   3.0259D+00     1.4775D+00     1.5483D+00     0.49 -3.6771D-01-12.15
 ================================================================================================
 SPHEROID: Oblate
 Refractive index:  1.3300  0.0000 i     Lambda=10.000 mkm     a/b =  2.000
 ================================================================================================
    c    x_V 2*pi*a/w alpha Cext/Pi/Rv**2  Csca/Pi/Rv**2  Cabs/Pi/Rv**2  Alb     Cpol    Pol(%)
 ================================================================================================
   2.06  1.88  2.37     0   5.4521D-01     5.4521D-01     8.4145D-10     1.00
   2.06  1.88  2.37    10   5.4804D-01     5.4804D-01     4.0346D-10     1.00 -8.8003D-03 -1.61
   2.06  1.88  2.37    20   5.5557D-01     5.5557D-01     1.7507D-10     1.00 -3.2214D-02 -5.80
   2.06  1.88  2.37    30   5.6535D-01     5.6535D-01    -1.4151D-11     1.00 -6.2927D-02-11.13
   2.06  1.88  2.37    40   5.7458D-01     5.7458D-01    -1.0192D-10     1.00 -9.2983D-02-16.18
   2.06  1.88  2.37    50   5.8123D-01     5.8123D-01    -1.2392D-10     1.00 -1.1697D-01-20.13
   2.06  1.88  2.37    60   5.8472D-01     5.8472D-01    -8.9157D-11     1.00 -1.3311D-01-22.76
   2.06  1.88  2.37    70   5.8569D-01     5.8569D-01    -3.3227D-11     1.00 -1.4232D-01-24.30
   2.06  1.88  2.37    80   5.8549D-01     5.8549D-01    -2.7426D-11     1.00 -1.4667D-01-25.05
   2.06  1.88  2.37    90   5.8526D-01     5.8526D-01    -4.3384D-11     1.00 -1.4789D-01-25.27
 ================================================================================================
 SPHEROID: Oblate
 Refractive index:  1.3300  0.0000 i     Lambda=10.000 mkm     a/b =  2.000
 ================================================================================================
    c    x_V 2*pi*a/w alpha Cext/Pi/Rv**2  Csca/Pi/Rv**2  Cabs/Pi/Rv**2  Alb     Cpol    Pol(%)
 ================================================================================================
   3.43  3.14  3.96     0   1.3779D+00     1.3779D+00     2.5297D-09     1.00
   3.43  3.14  3.96    10   1.3666D+00     1.3666D+00     6.8871D-10     1.00  7.2169D-03  0.53
   3.43  3.14  3.96    20   1.3579D+00     1.3579D+00     9.5427D-12     1.00  1.7013D-02  1.25
   3.43  3.14  3.96    30   1.4005D+00     1.4005D+00    -3.1294D-10     1.00  6.4142D-03  0.46
   3.43  3.14  3.96    40   1.5199D+00     1.5199D+00    -2.5377D-10     1.00 -3.5514D-02 -2.34
   3.43  3.14  3.96    50   1.6968D+00     1.6968D+00    -1.1556D-10     1.00 -9.8877D-02 -5.83
   3.43  3.14  3.96    60   1.8849D+00     1.8849D+00    -5.3034D-11     1.00 -1.6361D-01 -8.68
   3.43  3.14  3.96    70   2.0409D+00     2.0409D+00    -4.6451D-12     1.00 -2.1403D-01-10.49
   3.43  3.14  3.96    80   2.1399D+00     2.1399D+00    -4.8433D-12     1.00 -2.4412D-01-11.41
   3.43  3.14  3.96    90   2.1734D+00     2.1734D+00    -3.3517D-11     1.00 -2.5389D-01-11.68
 ================================================================================================
 SPHEROID: Oblate
 Refractive index:  1.3300  0.0000 i     Lambda=10.000 mkm     a/b =  2.000
 ================================================================================================
    c    x_V 2*pi*a/w alpha Cext/Pi/Rv**2  Csca/Pi/Rv**2  Cabs/Pi/Rv**2  Alb     Cpol    Pol(%)
 ================================================================================================
   3.28  3.00  3.78     0   1.2491D+00     1.2491D+00     1.0030D-09     1.00
   3.28  3.00  3.78    10   1.2440D+00     1.2440D+00     2.4849D-10     1.00  8.2834D-03  0.67
   3.28  3.00  3.78    20   1.2486D+00     1.2486D+00     3.1956D-11     1.00  1.9197D-02  1.54
   3.28  3.00  3.78    30   1.3013D+00     1.3013D+00    -9.4510D-11     1.00  6.9284D-03  0.53
   3.28  3.00  3.78    40   1.4188D+00     1.4188D+00    -9.1677D-11     1.00 -3.8780D-02 -2.73
   3.28  3.00  3.78    50   1.5807D+00     1.5807D+00    -4.9760D-11     1.00 -1.0518D-01 -6.65
   3.28  3.00  3.78    60   1.7465D+00     1.7465D+00    -2.7306D-11     1.00 -1.7070D-01 -9.77
   3.28  3.00  3.78    70   1.8805D+00     1.8805D+00    -6.8547D-12     1.00 -2.2027D-01-11.71
   3.28  3.00  3.78    80   1.9642D+00     1.9642D+00    -5.3880D-12     1.00 -2.4920D-01-12.69
   3.28  3.00  3.78    90   1.9922D+00     1.9922D+00    -1.5298D-11     1.00 -2.5849D-01-12.97
 ================================================================================================
 SPHEROID: Prolate
 Refractive index:  1.3300  0.0000 i     Lambda=10.000 mkm     a/b =  2.000
 ================================================================================================
    c    x_V 2*pi*a/w alpha Cext/Pi/Rv**2  Csca/Pi/Rv**2  Cabs/Pi/Rv**2  Alb     Cpol    Pol(%)
 ================================================================================================
   4.13  3.00  4.77     0   2.3953D+00     2.3953D+00    -2.5385D-10     1.00
   4.13  3.00  4.77    10   2.3560D+00     2.3560D+00    -7.5670D-09     1.00  5.9392D-03  0.25
   4.13  3.00  4.77    20   2.2407D+00     2.2407D+00    -4.7566D-09     1.00  2.4709D-02  1.10
   4.13  3.00  4.77    30   2.0633D+00     2.0633D+00    -9.9969D-10     1.00  5.6324D-02  2.73
   4.13  3.00  4.77    40   1.8569D+00     1.8569D+00     1.6398D-09     1.00  9.3891D-02  5.06
   4.13  3.00  4.77    50   1.6691D+00     1.6691D+00     1.5462D-09     1.00  1.2320D-01  7.38
   4.13  3.00  4.77    60   1.5382D+00     1.5382D+00     3.8342D-10     1.00  1.3545D-01  8.81
   4.13  3.00  4.77    70   1.4711D+00     1.4711D+00     6.1161D-10     1.00  1.3913D-01  9.46
   4.13  3.00  4.77    80   1.4473D+00     1.4473D+00     1.0645D-09     1.00  1.4611D-01 10.10
   4.13  3.00  4.77    90   1.4427D+00     1.4427D+00     9.1061D-10     1.00  1.5113D-01 10.48
 ================================================================================================
 SPHEROID: Oblate
 Refractive index:  1.3300  0.0500 i     Lambda=10.000 mkm     a/b =  2.000
 ================================================================================================
    c    x_V 2*pi*a/w alpha Cext/Pi/Rv**2  Csca/Pi/Rv**2  Cabs/Pi/Rv**2  Alb     Cpol    Pol(%)
 ================================================================================================
   3.28  3.00  3.78     0   1.4776D+00     1.0543D+00     4.2325D-01     0.71
   3.28  3.00  3.78    10   1.4721D+00     1.0506D+00     4.2152D-01     0.71  4.3837D-03  0.30
   3.28  3.00  3.78    20   1.4706D+00     1.0524D+00     4.1821D-01     0.72  9.4514D-03  0.64
   3.28  3.00  3.78    30   1.5034D+00     1.0850D+00     4.1840D-01     0.72 -6.2951D-04 -0.04
   3.28  3.00  3.78    40   1.5881D+00     1.1602D+00     4.2788D-01     0.73 -3.3810D-02 -2.13
   3.28  3.00  3.78    50   1.7148D+00     1.2655D+00     4.4930D-01     0.74 -8.3722D-02 -4.88
   3.28  3.00  3.78    60   1.8538D+00     1.3744D+00     4.7947D-01     0.74 -1.3613D-01 -7.34
   3.28  3.00  3.78    70   1.9737D+00     1.4632D+00     5.1054D-01     0.74 -1.7868D-01 -9.05
   3.28  3.00  3.78    80   2.0525D+00     1.5189D+00     5.3358D-01     0.74 -2.0516D-01-10.00
   3.28  3.00  3.78    90   2.0797D+00     1.5377D+00     5.4204D-01     0.74 -2.1400D-01-10.29
 ================================================================================================
 SPHEROID: Prolate
 Refractive index:  1.3300  0.0500 i     Lambda=10.000 mkm     a/b =  2.000
 ================================================================================================
    c    x_V 2*pi*a/w alpha Cext/Pi/Rv**2  Csca/Pi/Rv**2  Cabs/Pi/Rv**2  Alb     Cpol    Pol(%)
 ================================================================================================
   4.13  3.00  4.77     0   2.4021D+00     1.7691D+00     6.3302D-01     0.74
   4.13  3.00  4.77    10   2.3641D+00     1.7443D+00     6.1985D-01     0.74  6.4697D-03  0.27
   4.13  3.00  4.77    20   2.2566D+00     1.6719D+00     5.8463D-01     0.74  2.5923D-02  1.15
   4.13  3.00  4.77    30   2.1010D+00     1.5619D+00     5.3904D-01     0.74  5.6340D-02  2.68
   4.13  3.00  4.77    40   1.9340D+00     1.4362D+00     4.9784D-01     0.74  8.9742D-02  4.64
   4.13  3.00  4.77    50   1.7956D+00     1.3246D+00     4.7097D-01     0.74  1.1389D-01  6.34
   4.13  3.00  4.77    60   1.7068D+00     1.2494D+00     4.5748D-01     0.73  1.2378D-01  7.25
   4.13  3.00  4.77    70   1.6613D+00     1.2124D+00     4.4895D-01     0.73  1.2894D-01  7.76
   4.13  3.00  4.77    80   1.6407D+00     1.1999D+00     4.4079D-01     0.73  1.3840D-01  8.44
   4.13  3.00  4.77    90   1.6344D+00     1.1976D+00     4.3687D-01     0.73  1.4441D-01  8.84
 ================================================================================================
 SPHEROID: Oblate
 Refractive index:  1.2000  0.0300 i     Lambda=10.000 mkm     a/b =  0.002
 ================================================================================================
    c    x_V 2*pi*a/w alpha Cext/Pi/Rv**2  Csca/Pi/Rv**2  Cabs/Pi/Rv**2  Alb     Cpol    Pol(%)
 ================================================================================================
 ================================================================================================
 SPHEROID: Oblate
 Refractive index:  1.2000  0.0300 i     Lambda=10.000 mkm     a/b =  0.002
 ================================================================================================
    c    x_V 2*pi*a/w alpha Cext/Pi/Rv**2  Csca/Pi/Rv**2  Cabs/Pi/Rv**2  Alb     Cpol    Pol(%)
 ================================================================================================
 ================================================================================================
 SPHEROID: Oblate
 Refractive index:  1.2000  0.0300 i     Lambda=10.000 mkm     a/b =  0.002
 ================================================================================================
    c    x_V 2*pi*a/w alpha Cext/Pi/Rv**2  Csca/Pi/Rv**2  Cabs/Pi/Rv**2  Alb     Cpol    Pol(%)
 ================================================================================================
 ================================================================================================
 SPHEROID: Oblate
 Refractive index:  1.2000  0.0300 i     Lambda=10.000 mkm     a/b = 10.000
 ================================================================================================
    c    x_V 2*pi*a/w alpha Cext/Pi/Rv**2  Csca/Pi/Rv**2  Cabs/Pi/Rv**2  Alb     Cpol    Pol(%)
 ================================================================================================
  13.47  6.28 13.54     0   1.1615D+00     6.8890D-01     4.7256D-01     0.59
  13.47  6.28 13.54    10   1.1656D+00     6.9929D-01     4.6636D-01     0.60 -1.9657D-03 -0.17
  13.47  6.28 13.54    20   1.1751D+00     7.1522D-01     4.5984D-01     0.61 -7.8576D-03 -0.67
  13.47  6.28 13.54    30   1.1977D+00     7.4830D-01     4.4937D-01     0.62 -2.3940D-02 -2.00
  13.47  6.28 13.54    40   1.2503D+00     8.2002D-01     4.3026D-01     0.66 -5.4963D-02 -4.40
  13.47  6.28 13.54    50   1.2736D+00     8.6188D-01     4.1176D-01     0.68 -8.1583D-02 -6.41
  13.47  6.28 13.54    60   1.5048D+00     1.1227D+00     3.8209D-01     0.75 -1.1419D-01 -7.59
  13.47  6.28 13.54    70   2.2739D+00     1.7742D+00     4.9970D-01     0.78 -2.8326D-01-12.46
  13.47  6.28 13.54    80   2.9598D+00     2.2624D+00     6.9743D-01     0.76 -4.4475D-01-15.03
  13.47  6.28 13.54    90   3.1927D+00     2.4070D+00     7.8573D-01     0.75 -5.0112D-01-15.70
 ================================================================================================
 SPHEROID: Oblate
 Refractive index:  1.2000  0.0300 i     Lambda=10.000 mkm     a/b = 20.000
 ================================================================================================
    c    x_V 2*pi*a/w alpha Cext/Pi/Rv**2  Csca/Pi/Rv**2  Cabs/Pi/Rv**2  Alb     Cpol    Pol(%)
 ================================================================================================
 ================================================================================================
 SPHEROID: Oblate
 Refractive index:  1.2000  0.0300 i     Lambda=10.000 mkm     a/b = 15.000
 ================================================================================================
    c    x_V 2*pi*a/w alpha Cext/Pi/Rv**2  Csca/Pi/Rv**2  Cabs/Pi/Rv**2  Alb     Cpol    Pol(%)
 ================================================================================================
 ================================================================================================
 SPHEROID: Oblate
 Refractive index:  1.2000  0.0300 i     Lambda=10.000 mkm     a/b = 15.000
 ================================================================================================
    c    x_V 2*pi*a/w alpha Cext/Pi/Rv**2  Csca/Pi/Rv**2  Cabs/Pi/Rv**2  Alb     Cpol    Pol(%)
 ================================================================================================
  15.46  6.28 15.50     0   1.0877D+00     6.1840D-01     4.6926D-01     0.57
  15.46  6.28 15.50    10   1.0721D+00     6.4666D-01     4.2542D-01     0.60  1.2113D-02  1.13
  15.46  6.28 15.50    20   1.0810D+00     6.3407D-01     4.4696D-01     0.59 -6.8390D-03 -0.63
  15.46  6.28 15.50    30   1.1043D+00     6.6264D-01     4.4166D-01     0.60 -4.6285D-02 -4.19
  15.46  6.28 15.50    40   1.1389D+00     7.1583D-01     4.2303D-01     0.63 -9.5166D-02 -8.36
  15.46  6.28 15.50    50   1.1852D+00     7.7833D-01     4.0691D-01     0.66 -1.5501D-01-13.08
  15.46  6.28 15.50    60   1.4091D+00     1.0364D+00     3.7275D-01     0.74 -2.0608D-01-14.62
  15.46  6.28 15.50    70   2.1731D+00     1.6813D+00     4.9176D-01     0.77 -4.0267D-01-18.53
  15.46  6.28 15.50    80   2.8073D+00     2.1109D+00     6.9645D-01     0.75 -5.8139D-01-20.71
  15.46  6.28 15.50    90   3.0017D+00     2.2164D+00     7.8528D-01     0.74 -6.3996D-01-21.32
 ================================================================================================
 SPHEROID: Oblate
 Refractive index:  1.2000  0.0300 i     Lambda=10.000 mkm     a/b = 15.000
 ================================================================================================
    c    x_V 2*pi*a/w alpha Cext/Pi/Rv**2  Csca/Pi/Rv**2  Cabs/Pi/Rv**2  Alb     Cpol    Pol(%)
 ================================================================================================
  15.46  6.28 15.50     0   1.0877D+00     6.1840D-01     4.6926D-01     0.57
  15.46  6.28 15.50    10   1.0721D+00     6.4666D-01     4.2542D-01     0.60  1.2113D-02  1.13
  15.46  6.28 15.50    20   1.0810D+00     6.3407D-01     4.4696D-01     0.59 -6.8390D-03 -0.63
  15.46  6.28 15.50    30   1.1043D+00     6.6264D-01     4.4166D-01     0.60 -4.6285D-02 -4.19
  15.46  6.28 15.50    40   1.1389D+00     7.1583D-01     4.2303D-01     0.63 -9.5166D-02 -8.36
  15.46  6.28 15.50    50   1.1852D+00     7.7833D-01     4.0691D-01     0.66 -1.5501D-01-13.08
  15.46  6.28 15.50    60   1.4091D+00     1.0364D+00     3.7275D-01     0.74 -2.0608D-01-14.62
  15.46  6.28 15.50    70   2.1731D+00     1.6813D+00     4.9176D-01     0.77 -4.0267D-01-18.53
  15.46  6.28 15.50    80   2.8073D+00     2.1109D+00     6.9645D-01     0.75 -5.8139D-01-20.71
  15.46  6.28 15.50    90   3.0017D+00     2.2164D+00     7.8528D-01     0.74 -6.3996D-01-21.32
 ================================================================================================
 SPHEROID: Oblate
 Refractive index:  1.2000  0.0300 i     Lambda=10.000 mkm     a/b = 15.000
 ================================================================================================
    c    x_V 2*pi*a/w alpha Cext/Pi/Rv**2  Csca/Pi/Rv**2  Cabs/Pi/Rv**2  Alb     Cpol    Pol(%)
 ================================================================================================
  15.46  6.28 15.50     0   1.0877D+00     6.1840D-01     4.6926D-01     0.57
  15.46  6.28 15.50    10   1.0721D+00     6.4666D-01     4.2542D-01     0.60  1.2113D-02  1.13
  15.46  6.28 15.50    20   1.0810D+00     6.3407D-01     4.4696D-01     0.59 -6.8390D-03 -0.63
  15.46  6.28 15.50    30   1.1043D+00     6.6264D-01     4.4166D-01     0.60 -4.6285D-02 -4.19
  15.46  6.28 15.50    40   1.1389D+00     7.1583D-01     4.2303D-01     0.63 -9.5166D-02 -8.36
  15.46  6.28 15.50    50   1.1852D+00     7.7833D-01     4.0691D-01     0.66 -1.5501D-01-13.08
  15.46  6.28 15.50    60   1.4091D+00     1.0364D+00     3.7275D-01     0.74 -2.0608D-01-14.62
  15.46  6.28 15.50    70   2.1731D+00     1.6813D+00     4.9176D-01     0.77 -4.0267D-01-18.53
  15.46  6.28 15.50    80   2.8073D+00     2.1109D+00     6.9645D-01     0.75 -5.8139D-01-20.71
  15.46  6.28 15.50    90   3.0017D+00     2.2164D+00     7.8528D-01     0.74 -6.3996D-01-21.32
 ================================================================================================
 SPHEROID: Oblate
 Refractive index:  1.2000  0.0300 i     Lambda=10.000 mkm     a/b = 15.000
 ================================================================================================
    c    x_V 2*pi*a/w alpha Cext/Pi/Rv**2  Csca/Pi/Rv**2  Cabs/Pi/Rv**2  Alb     Cpol    Pol(%)
 ================================================================================================
  15.46  6.28 15.50     0   1.0877D+00     6.1840D-01     4.6926D-01     0.57
  15.46  6.28 15.50    10   1.0721D+00     6.4666D-01     4.2542D-01     0.60  1.2113D-02  1.13
  15.46  6.28 15.50    20   1.0810D+00     6.3407D-01     4.4696D-01     0.59 -6.8390D-03 -0.63
  15.46  6.28 15.50    30   1.1043D+00     6.6264D-01     4.4166D-01     0.60 -4.6285D-02 -4.19
  15.46  6.28 15.50    40   1.1389D+00     7.1583D-01     4.2303D-01     0.63 -9.5166D-02 -8.36
  15.46  6.28 15.50    50   1.1852D+00     7.7833D-01     4.0691D-01     0.66 -1.5501D-01-13.08
  15.46  6.28 15.50    60   1.4091D+00     1.0364D+00     3.7275D-01     0.74 -2.0608D-01-14.62
  15.46  6.28 15.50    70   2.1731D+00     1.6813D+00     4.9176D-01     0.77 -4.0267D-01-18.53
  15.46  6.28 15.50    80   2.8073D+00     2.1109D+00     6.9645D-01     0.75 -5.8139D-01-20.71
  15.46  6.28 15.50    90   3.0017D+00     2.2164D+00     7.8528D-01     0.74 -6.3996D-01-21.32
 ================================================================================================
 SPHEROID: Oblate
 Refractive index:  1.2000  0.0300 i     Lambda=10.000 mkm     a/b = 20.000
 ================================================================================================
    c    x_V 2*pi*a/w alpha Cext/Pi/Rv**2  Csca/Pi/Rv**2  Cabs/Pi/Rv**2  Alb     Cpol    Pol(%)
 ================================================================================================
  13.63  5.03 13.64     0   8.3781D-01     4.3951D-01     3.9831D-01     0.52
  13.63  5.03 13.64    10   6.9243D-01     1.9434D+00    -1.2510D+00     2.81  1.3590D-01 19.63
  13.63  5.03 13.64    20   7.1255D-01     7.1915D-01    -6.6006D-03     1.01  8.3155D-02 11.67
  13.63  5.03 13.64    30   7.1256D-01     5.6143D-01     1.5113D-01     0.79  3.5862D-02  5.03
  13.63  5.03 13.64    40   7.2169D-01     5.0812D-01     2.1356D-01     0.70 -1.9795D-02 -2.74
  13.63  5.03 13.64    50   7.7108D-01     5.5400D-01     2.1708D-01     0.72 -8.7752D-02-11.38
  13.63  5.03 13.64    60   1.0396D+00     7.8131D-01     2.5833D-01     0.75 -2.1284D-01-20.47
  13.63  5.03 13.64    70   1.3304D+00     9.8468D-01     3.4568D-01     0.74 -2.7836D-01-20.92
  13.63  5.03 13.64    80   1.4573D+00     1.0525D+00     4.0478D-01     0.72 -2.8510D-01-19.56
  13.63  5.03 13.64    90   1.4817D+00     1.0574D+00     4.2424D-01     0.71 -2.8326D-01-19.12
 ================================================================================================
 SPHEROID: Oblate
 Refractive index:  1.2000  0.0300 i     Lambda=10.000 mkm     a/b = 20.000
 ================================================================================================
    c    x_V 2*pi*a/w alpha Cext/Pi/Rv**2  Csca/Pi/Rv**2  Cabs/Pi/Rv**2  Alb     Cpol    Pol(%)
 ================================================================================================
  11.92  4.40 11.94     0   7.2425D-01     3.6630D-01     3.5794D-01     0.51
  11.92  4.40 11.94    10   5.7343D-01     3.5853D+00    -3.0119D+00     6.25  1.3756D-01 23.99
  11.92  4.40 11.94    20   5.6694D-01     7.8424D-01    -2.1730D-01     1.38  1.1128D-01 19.63
  11.92  4.40 11.94    30   5.7586D-01     5.9318D-01    -1.7320D-02     1.03  5.5510D-02  9.64
  11.92  4.40 11.94    40   5.5298D-01     4.4898D-01     1.0400D-01     0.81  3.0092D-02  5.44
  11.92  4.40 11.94    50   6.4773D-01     5.2100D-01     1.2673D-01     0.80 -7.0711D-02-10.92
  11.92  4.40 11.94    60   8.2039D-01     6.1228D-01     2.0812D-01     0.75 -1.4239D-01-17.36
  11.92  4.40 11.94    70   9.1814D-01     6.7609D-01     2.4204D-01     0.74 -1.2089D-01-13.17
  11.92  4.40 11.94    80   9.5651D-01     6.9035D-01     2.6616D-01     0.72 -1.0480D-01-10.96
  11.92  4.40 11.94    90   9.6500D-01     6.8845D-01     2.7655D-01     0.71 -1.0302D-01-10.68
 ================================================================================================
 SPHEROID: Oblate
 Refractive index:  1.2000  0.0300 i     Lambda=10.000 mkm     a/b = 15.000
 ================================================================================================
    c    x_V 2*pi*a/w alpha Cext/Pi/Rv**2  Csca/Pi/Rv**2  Cabs/Pi/Rv**2  Alb     Cpol    Pol(%)
 ================================================================================================
  10.82  4.40 10.85     0   7.3687D-01     3.9114D-01     3.4572D-01     0.53
  10.82  4.40 10.85    10   6.8858D-01     5.9184D-01     9.6743D-02     0.86  4.1193D-02  5.98
  10.82  4.40 10.85    20   6.9649D-01     4.2567D-01     2.7083D-01     0.61  7.8910D-03  1.13
  10.82  4.40 10.85    30   7.0060D-01     4.1706D-01     2.8354D-01     0.60 -3.2640D-02 -4.66
  10.82  4.40 10.85    40   7.0355D-01     4.1556D-01     2.8799D-01     0.59 -7.5230D-02-10.69
  10.82  4.40 10.85    50   7.9390D-01     5.2080D-01     2.7310D-01     0.66 -1.5250D-01-19.21
  10.82  4.40 10.85    60   1.0273D+00     7.1781D-01     3.0953D-01     0.70 -2.6399D-01-25.70
  10.82  4.40 10.85    70   1.2254D+00     8.5060D-01     3.7485D-01     0.69 -3.2673D-01-26.66
  10.82  4.40 10.85    80   1.3095D+00     8.8434D-01     4.2512D-01     0.68 -3.4281D-01-26.18
  10.82  4.40 10.85    90   1.3266D+00     8.8376D-01     4.4287D-01     0.67 -3.4424D-01-25.95
 ================================================================================================
 SPHEROID: Oblate
 Refractive index:  1.2000  0.0300 i     Lambda=10.000 mkm     a/b = 15.000
 ================================================================================================
    c    x_V 2*pi*a/w alpha Cext/Pi/Rv**2  Csca/Pi/Rv**2  Cabs/Pi/Rv**2  Alb     Cpol    Pol(%)
 ================================================================================================
  10.82  4.40 10.85     0   7.3687D-01     3.9114D-01     3.4572D-01     0.53
  10.82  4.40 10.85     5   6.8108D-01     7.2204D-01    -4.0954D-02     1.06  5.4169D-02  7.95
  10.82  4.40 10.85    10   6.8858D-01     5.9184D-01     9.6743D-02     0.86  4.1193D-02  5.98
  10.82  4.40 10.85    15   6.9603D-01     4.7801D-01     2.1802D-01     0.69  2.3351D-02  3.35
  10.82  4.40 10.85    20   6.9649D-01     4.2567D-01     2.7083D-01     0.61  7.8910D-03  1.13
  10.82  4.40 10.85    25   6.9617D-01     4.1732D-01     2.7885D-01     0.60 -9.3855D-03 -1.35
  10.82  4.40 10.85    30   7.0060D-01     4.1706D-01     2.8354D-01     0.60 -3.2640D-02 -4.66
  10.82  4.40 10.85    35   7.0258D-01     4.1184D-01     2.9074D-01     0.59 -5.5059D-02 -7.84
  10.82  4.40 10.85    40   7.0355D-01     4.1556D-01     2.8799D-01     0.59 -7.5230D-02-10.69
  10.82  4.40 10.85    45   7.2660D-01     4.4925D-01     2.7734D-01     0.62 -1.0499D-01-14.45
  10.82  4.40 10.85    50   7.9390D-01     5.2080D-01     2.7310D-01     0.66 -1.5250D-01-19.21
  10.82  4.40 10.85    55   9.0252D-01     6.1819D-01     2.8433D-01     0.68 -2.1044D-01-23.32
  10.82  4.40 10.85    60   1.0273D+00     7.1781D-01     3.0953D-01     0.70 -2.6399D-01-25.70
  10.82  4.40 10.85    65   1.1404D+00     7.9849D-01     3.4194D-01     0.70 -3.0322D-01-26.59
  10.82  4.40 10.85    70   1.2254D+00     8.5060D-01     3.7485D-01     0.69 -3.2673D-01-26.66
  10.82  4.40 10.85    75   1.2798D+00     8.7628D-01     4.0349D-01     0.68 -3.3830D-01-26.43
  10.82  4.40 10.85    80   1.3095D+00     8.8434D-01     4.2512D-01     0.68 -3.4281D-01-26.18
  10.82  4.40 10.85    85   1.3229D+00     8.8452D-01     4.3840D-01     0.67 -3.4406D-01-26.01
  10.82  4.40 10.85    90   1.3266D+00     8.8376D-01     4.4287D-01     0.67 -3.4424D-01-25.95
  10.82  4.40 10.85    95   1.3229D+00     8.8452D-01     4.3840D-01     0.67 -3.4406D-01-26.01
 ================================================================================================
 SPHEROID: Oblate
 Refractive index:  1.2000  0.0300 i     Lambda=10.000 mkm     a/b = 14.000
 ================================================================================================
    c    x_V 2*pi*a/w alpha Cext/Pi/Rv**2  Csca/Pi/Rv**2  Cabs/Pi/Rv**2  Alb     Cpol    Pol(%)
 ================================================================================================
  10.57  4.40 10.60     0   7.3901D-01     3.9630D-01     3.4271D-01     0.54
  10.57  4.40 10.60     5   7.0221D-01     5.1636D-01     1.8585D-01     0.74  3.5687D-02  5.08
  10.57  4.40 10.60    10   7.0373D-01     4.8005D-01     2.2368D-01     0.68  2.9784D-02  4.23
  10.57  4.40 10.60    15   7.0875D-01     4.4109D-01     2.6766D-01     0.62  1.5471D-02  2.18
  10.57  4.40 10.60    20   7.1171D-01     4.1818D-01     2.9353D-01     0.59 -1.3158D-03 -0.18
  10.57  4.40 10.60    25   7.1372D-01     4.1427D-01     2.9945D-01     0.58 -1.9411D-02 -2.72
  10.57  4.40 10.60    30   7.1776D-01     4.1698D-01     3.0078D-01     0.58 -4.0708D-02 -5.67
  10.57  4.40 10.60    35   7.1958D-01     4.1749D-01     3.0209D-01     0.58 -6.1642D-02 -8.57
  10.57  4.40 10.60    40   7.2245D-01     4.2531D-01     2.9714D-01     0.59 -8.2161D-02-11.37
  10.57  4.40 10.60    45   7.4792D-01     4.6085D-01     2.8707D-01     0.62 -1.1201D-01-14.98
  10.57  4.40 10.60    50   8.1735D-01     5.3477D-01     2.8258D-01     0.65 -1.5877D-01-19.43
  10.57  4.40 10.60    55   9.2918D-01     6.3673D-01     2.9245D-01     0.69 -2.1716D-01-23.37
  10.57  4.40 10.60    60   1.0595D+00     7.4247D-01     3.1698D-01     0.70 -2.7383D-01-25.85
  10.57  4.40 10.60    65   1.1796D+00     8.2929D-01     3.5036D-01     0.70 -3.1810D-01-26.97
  10.57  4.40 10.60    70   1.2718D+00     8.8643D-01     3.8536D-01     0.70 -3.4674D-01-27.26
  10.57  4.40 10.60    75   1.3320D+00     9.1570D-01     4.1631D-01     0.69 -3.6228D-01-27.20
  10.57  4.40 10.60    80   1.3658D+00     9.2599D-01     4.3980D-01     0.68 -3.6927D-01-27.04
  10.57  4.40 10.60    85   1.3816D+00     9.2734D-01     4.5423D-01     0.67 -3.7176D-01-26.91
  10.57  4.40 10.60    90   1.3860D+00     9.2694D-01     4.5908D-01     0.67 -3.7231D-01-26.86
  10.57  4.40 10.60    95   1.3816D+00     9.2734D-01     4.5425D-01     0.67 -3.7177D-01-26.91
 ================================================================================================
