  10.57  4.40 10.60     0   7.3901D-01     3.9630D-01     3.4271D-01     0.54  0 0 
  10.57  4.40 10.60     5   7.0221D-01     5.1636D-01     1.8585D-01     0.74  3.5687D-02  5.08
  10.57  4.40 10.60    10   7.0373D-01     4.8005D-01     2.2368D-01     0.68  2.9784D-02  4.23
  10.57  4.40 10.60    15   7.0875D-01     4.4109D-01     2.6766D-01     0.62  1.5471D-02  2.18
  10.57  4.40 10.60    20   7.1171D-01     4.1818D-01     2.9353D-01     0.59 -1.3158D-03 -0.18
  10.57  4.40 10.60    25   7.1372D-01     4.1427D-01     2.9945D-01     0.58 -1.9411D-02 -2.72
  10.57  4.40 10.60    30   7.1776D-01     4.1698D-01     3.0078D-01     0.58 -4.0708D-02 -5.67
  10.57  4.40 10.60    35   7.1958D-01     4.1749D-01     3.0209D-01     0.58 -6.1642D-02 -8.57
  10.57  4.40 10.60    40   7.2245D-01     4.2531D-01     2.9714D-01     0.59 -8.2161D-02 -11.37
  10.57  4.40 10.60    45   7.4792D-01     4.6085D-01     2.8707D-01     0.62 -1.1201D-01 -14.98
  10.57  4.40 10.60    50   8.1735D-01     5.3477D-01     2.8258D-01     0.65 -1.5877D-01 -19.43
  10.57  4.40 10.60    55   9.2918D-01     6.3673D-01     2.9245D-01     0.69 -2.1716D-01 -23.37
  10.57  4.40 10.60    60   1.0595D+00     7.4247D-01     3.1698D-01     0.70 -2.7383D-01 -25.85
  10.57  4.40 10.60    65   1.1796D+00     8.2929D-01     3.5036D-01     0.70 -3.1810D-01 -26.97
  10.57  4.40 10.60    70   1.2718D+00     8.8643D-01     3.8536D-01     0.70 -3.4674D-01 -27.26
  10.57  4.40 10.60    75   1.3320D+00     9.1570D-01     4.1631D-01     0.69 -3.6228D-01 -27.20
  10.57  4.40 10.60    80   1.3658D+00     9.2599D-01     4.3980D-01     0.68 -3.6927D-01 -27.04
  10.57  4.40 10.60    85   1.3816D+00     9.2734D-01     4.5423D-01     0.67 -3.7176D-01 -26.91
  10.57  4.40 10.60    90   1.3860D+00     9.2694D-01     4.5908D-01     0.67 -3.7231D-01 -26.86
  10.57  4.40 10.60    95   1.3816D+00     9.2734D-01     4.5425D-01     0.67 -3.7177D-01 -26.91
